   0.000   150.00  148.70  147.40  146.09  144.79  143.49  1.000  0.4774  0.4774  0.4774  0.4774  0.4774  0.4774
   0.100   150.00  148.70  147.40  146.09  144.79  159.42  0.898  0.4774  0.4774  0.4774  0.4774  0.4774  0.4519
   0.200   150.00  148.70  147.40  146.09  160.65  171.58  0.829  0.4774  0.4774  0.4774  0.4774  0.4520  0.4326
   0.300   150.00  148.70  147.40  161.88  172.76  183.21  0.768  0.4774  0.4774  0.4774  0.4521  0.4328  0.4141
   0.400   150.00  148.70  163.12  173.95  184.35  194.77  0.712  0.4774  0.4774  0.4523  0.4329  0.4144  0.3959
   0.500   150.00  164.36  175.13  185.49  195.87  206.45  0.659  0.4774  0.4524  0.4331  0.4146  0.3962  0.3775
   0.600   150.00  176.32  186.63  196.97  207.51  218.36  0.609  0.4275  0.4333  0.4149  0.3965  0.3779  0.3588
   0.700   150.00  172.25  198.07  208.57  219.38  230.56  0.561  0.3895  0.3903  0.3968  0.3783  0.3593  0.3397
   0.800   150.00  171.76  194.15  220.40  231.54  243.11  0.515  0.3533  0.3534  0.3539  0.3597  0.3402  0.3201
   0.900   150.00  171.91  194.10  217.10  244.05  256.05  0.470  0.3174  0.3171  0.3165  0.3160  0.3207  0.3000
   1.000   150.00  172.34  194.85  217.77  241.58  269.40  0.427  0.2812  0.2807  0.2795  0.2777  0.2759  0.2792
   1.100   150.00  172.94  196.00  219.32  243.12  259.42  0.384  0.2443  0.2437  0.2421  0.2396  0.2364  0.2467
   1.200   150.00  173.66  197.41  221.34  237.18  254.37  0.343  0.2065  0.2058  0.2040  0.2010  0.2105  0.2179
   1.300   150.00  174.46  199.00  215.27  232.61  249.60  0.302  0.1676  0.1669  0.1649  0.1750  0.1826  0.1902
   1.400   150.00  175.33  192.33  210.28  227.70  244.42  0.262  0.1274  0.1267  0.1380  0.1465  0.1548  0.1634
   1.500   150.00  167.88  186.64  204.78  222.11  238.52  0.223  0.0860  0.0986  0.1084  0.1179  0.1274  0.1373
   1.600   150.00  161.32  180.34  198.47  215.61  231.67  0.184  0.0699  0.0677  0.0786  0.0894  0.1004  0.1119
   1.700   150.00  162.47  173.16  191.18  208.04  223.68  0.147  0.0496  0.0499  0.0487  0.0611  0.0739  0.0874
   1.800   150.00  161.84  173.31  182.74  199.26  214.39  0.109  0.0298  0.0305  0.0325  0.0333  0.0481  0.0637
   1.900   150.00  160.84  171.43  181.40  189.10  203.62  0.072  0.0115  0.0124  0.0152  0.0195  0.0231  0.0411
   2.000   150.00  159.58  168.93  177.78  185.76  191.16  0.036 -0.0050 -0.0038 -0.0005  0.0050  0.0125  0.0198
   2.100   150.00  158.09  165.94  173.29  179.85  193.53  0.000 -0.0192 -0.0179 -0.0140 -0.0075  0.0016  0.0000
   2.200   150.00  156.36  162.45  168.00  181.06  180.87  0.000 -0.0309 -0.0294 -0.0249 -0.0174 -0.0200  0.0000
   2.300   150.00  154.36  158.42  170.22  169.03  168.60  0.000 -0.0396 -0.0379 -0.0327 -0.0374 -0.0190  0.0000
   2.400   150.00  152.07  162.13  159.45  157.76  157.19  0.000 -0.0449 -0.0429 -0.0503 -0.0344 -0.0174  0.0000
   2.500   150.00  157.77  153.10  149.68  147.62  146.93  0.000 -0.0462 -0.0573 -0.0445 -0.0303 -0.0154  0.0000
   2.600   150.00  151.03  145.32  141.27  138.85  138.04  0.000 -0.0698 -0.0478 -0.0373 -0.0255 -0.0130  0.0000
   2.700   150.00  137.56  139.21  134.49  131.70  130.77  0.000 -0.0495 -0.0498 -0.0288 -0.0199 -0.0102  0.0000
   2.800   150.00  138.18  126.74  129.64  126.41  125.35  0.000 -0.0298 -0.0305 -0.0324 -0.0135 -0.0070  0.0000
   2.900   150.00  139.18  128.61  118.67  123.29  122.06  0.000 -0.0115 -0.0124 -0.0151 -0.0194 -0.0033  0.0000
   3.000   150.00  140.43  131.10  122.27  114.31  121.23  0.000  0.0049  0.0038  0.0005 -0.0049 -0.0124  0.0000
   3.100   150.00  141.92  134.09  126.75  120.21  106.56  0.000  0.0192  0.0179  0.0140  0.0075 -0.0016  0.0000
   3.200   150.00  143.65  137.57  132.03  119.00  119.18  0.000  0.0309  0.0294  0.0249  0.0173  0.0200  0.0000
   3.300   150.00  145.64  141.59  129.82  131.00  131.43  0.000  0.0395  0.0378  0.0327  0.0373  0.0190  0.0000
   3.400   150.00  147.94  137.90  140.56  142.25  142.82  0.000  0.0448  0.0428  0.0502  0.0343  0.0174  0.0000
   3.500   150.00  142.25  146.91  150.32  152.38  153.07  0.000  0.0461  0.0572  0.0445  0.0303  0.0153  0.0000
   3.600   150.00  148.97  154.67  158.72  161.13  161.94  0.000  0.0696  0.0478  0.0373  0.0255  0.0129  0.0000
   3.700   150.00  162.41  160.78  165.48  168.27  169.20  0.000  0.0494  0.0497  0.0288  0.0199  0.0102  0.0000
   3.800   150.00  161.80  173.21  170.33  173.55  174.61  0.000  0.0297  0.0304  0.0323  0.0135  0.0070  0.0000
   3.900   150.00  160.81  171.35  181.27  176.66  177.89  0.000  0.0115  0.0124  0.0151  0.0194  0.0033  0.0000
   4.000   150.00  159.55  168.87  177.69  185.62  178.72  0.000 -0.0049 -0.0038 -0.0005  0.0049  0.0124  0.0000
   4.100   150.00  158.06  165.89  173.21  179.74  193.35  0.000 -0.0192 -0.0179 -0.0140 -0.0075  0.0016  0.0000
   4.200   150.00  156.34  162.41  167.94  180.94  180.76  0.000 -0.0308 -0.0293 -0.0248 -0.0173 -0.0199  0.0000
   4.300   150.00  154.35  158.39  170.14  168.96  168.54  0.000 -0.0395 -0.0378 -0.0326 -0.0372 -0.0189  0.0000
   4.400   150.00  152.06  162.07  159.42  157.74  157.17  0.000 -0.0447 -0.0428 -0.0501 -0.0342 -0.0173  0.0000
   4.500   150.00  157.73  153.09  149.68  147.62  146.94  0.000 -0.0460 -0.0571 -0.0444 -0.0302 -0.0153  0.0000
   4.600   150.00  151.03  145.34  141.30  138.88  138.08  0.000 -0.0695 -0.0477 -0.0372 -0.0255 -0.0129  0.0000
   4.700   150.00  137.62  139.24  134.55  131.76  130.83  0.000 -0.0493 -0.0496 -0.0287 -0.0199 -0.0101  0.0000
   4.800   150.00  138.22  126.83  129.71  126.49  125.43  0.000 -0.0297 -0.0304 -0.0322 -0.0134 -0.0070  0.0000
   4.900   150.00  139.21  128.69  118.79  123.38  122.16  0.000 -0.0115 -0.0124 -0.0151 -0.0193 -0.0033  0.0000
   5.000   150.00  140.46  131.16  122.36  114.45  121.33  0.000  0.0049  0.0038  0.0005 -0.0049 -0.0124  0.0000
   5.100   150.00  141.95  134.14  126.83  120.31  106.74  0.000  0.0191  0.0178  0.0140  0.0075 -0.0016  0.0000
   5.200   150.00  143.68  137.61  132.09  119.12  119.29  0.000  0.0308  0.0293  0.0248  0.0173  0.0199  0.0000
   5.300   150.00  145.66  141.62  129.91  131.07  131.49  0.000  0.0394  0.0377  0.0326  0.0372  0.0189  0.0000
   5.400   150.00  147.95  137.95  140.60  142.28  142.84  0.000  0.0446  0.0427  0.0501  0.0342  0.0173  0.0000
   5.500   150.00  142.29  146.92  150.32  152.37  153.06  0.000  0.0460  0.0570  0.0443  0.0302  0.0153  0.0000
   5.600   150.00  148.97  154.65  158.69  161.10  161.90  0.000  0.0693  0.0476  0.0371  0.0254  0.0129  0.0000
   5.700   150.00  162.35  160.74  165.43  168.21  169.14  0.000  0.0492  0.0495  0.0287  0.0198  0.0101  0.0000
   5.800   150.00  161.76  173.12  170.26  173.47  174.53  0.000  0.0296  0.0303  0.0322  0.0134  0.0069  0.0000
   5.900   150.00  160.77  171.28  181.15  176.57  177.79  0.000  0.0115  0.0124  0.0150  0.0193  0.0033  0.0000
   6.000   150.00  159.52  168.81  177.59  185.48  178.62  0.000 -0.0049 -0.0038 -0.0005  0.0049  0.0123  0.0000
   6.100   150.00  158.04  165.83  173.14  179.64  193.17  0.000 -0.0191 -0.0178 -0.0139 -0.0075  0.0016  0.0000
   6.200   150.00  156.31  162.36  167.88  180.82  180.65  0.000 -0.0307 -0.0292 -0.0248 -0.0172 -0.0198  0.0000
   6.300   150.00  154.33  158.36  170.05  168.90  168.48  0.000 -0.0393 -0.0376 -0.0325 -0.0371 -0.0189  0.0000
   6.400   150.00  152.05  162.02  159.38  157.71  157.15  0.000 -0.0446 -0.0426 -0.0500 -0.0341 -0.0173  0.0000
   6.500   150.00  157.69  153.07  149.68  147.63  146.95  0.000 -0.0459 -0.0569 -0.0442 -0.0302 -0.0153  0.0000
   6.600   150.00  151.02  145.36  141.33  138.92  138.12  0.000 -0.0692 -0.0475 -0.0371 -0.0254 -0.0129  0.0000
   6.700   150.00  137.68  139.28  134.60  131.82  130.89  0.000 -0.0491 -0.0494 -0.0286 -0.0198 -0.0101  0.0000
   6.800   150.00  138.27  126.93  129.77  126.57  125.51  0.000 -0.0296 -0.0303 -0.0321 -0.0134 -0.0069  0.0000
   6.900   150.00  139.25  128.76  118.91  123.47  122.25  0.000 -0.0114 -0.0123 -0.0150 -0.0192 -0.0033  0.0000
   7.000   150.00  140.49  131.22  122.46  114.59  121.43  0.000  0.0049  0.0038  0.0005 -0.0049 -0.0123  0.0000
   7.100   150.00  141.98  134.19  126.90  120.42  106.92  0.000  0.0191  0.0178  0.0139  0.0075 -0.0016  0.0000
   7.200   150.00  143.70  137.66  132.15  119.24  119.40  0.000  0.0307  0.0292  0.0247  0.0172  0.0198  0.0000
   7.300   150.00  145.68  141.66  129.99  131.13  131.55  0.000  0.0393  0.0376  0.0324  0.0370  0.0188  0.0000
   7.400   150.00  147.95  138.01  140.64  142.30  142.87  0.000  0.0445  0.0425  0.0499  0.0341  0.0172  0.0000
   7.500   150.00  142.33  146.93  150.32  152.36  153.05  0.000  0.0458  0.0568  0.0442  0.0301  0.0152  0.0000
   7.600   150.00  148.98  154.63  158.66  161.06  161.86  0.000  0.0690  0.0474  0.0370  0.0253  0.0129  0.0000
   7.700   150.00  162.29  160.70  165.37  168.15  169.08  0.000  0.0490  0.0493  0.0286  0.0198  0.0101  0.0000
   7.800   150.00  161.71  173.03  170.19  173.39  174.44  0.000  0.0296  0.0302  0.0320  0.0134  0.0069  0.0000
   7.900   150.00  160.74  171.20  181.03  176.48  177.70  0.000  0.0114  0.0123  0.0150  0.0192  0.0033  0.0000
   8.000   150.00  159.49  168.75  177.49  185.35  178.52  0.000 -0.0049 -0.0038 -0.0005  0.0049  0.0123  0.0000
   8.100   150.00  158.01  165.78  173.06  179.53  192.99  0.000 -0.0190 -0.0178 -0.0139 -0.0074  0.0016  0.0000
   8.200   150.00  156.29  162.32  167.82  180.70  180.54  0.000 -0.0306 -0.0291 -0.0247 -0.0172 -0.0197  0.0000
   8.300   150.00  154.31  158.33  169.97  168.83  168.42  0.000 -0.0392 -0.0375 -0.0324 -0.0369 -0.0188  0.0000
   8.400   150.00  152.04  161.96  159.35  157.69  157.12  0.000 -0.0444 -0.0425 -0.0498 -0.0340 -0.0172  0.0000
   8.500   150.00  157.65  153.06  149.68  147.64  146.96  0.000 -0.0457 -0.0567 -0.0441 -0.0301 -0.0152  0.0000
   8.600   150.00  151.02  145.38  141.36  138.96  138.16  0.000 -0.0689 -0.0473 -0.0370 -0.0253 -0.0128  0.0000
   8.700   150.00  137.74  139.32  134.65  131.88  130.96  0.000 -0.0489 -0.0492 -0.0286 -0.0197 -0.0101  0.0000
   8.800   150.00  138.31  127.02  129.84  126.65  125.60  0.000 -0.0295 -0.0302 -0.0320 -0.0133 -0.0069  0.0000
   8.900   150.00  139.28  128.83  119.02  123.56  122.35  0.000 -0.0114 -0.0123 -0.0150 -0.0191 -0.0033  0.0000
   9.000   150.00  140.52  131.28  122.55  114.72  121.53  0.000  0.0049  0.0038  0.0005 -0.0049 -0.0122  0.0000
   9.100   150.00  142.00  134.24  126.98  120.52  107.10  0.000  0.0190  0.0177  0.0139  0.0074 -0.0016  0.0000
   9.200   150.00  143.72  137.70  132.21  119.35  119.51  0.000  0.0306  0.0291  0.0246  0.0171  0.0197  0.0000
   9.300   150.00  145.70  141.69  130.07  131.20  131.61  0.000  0.0391  0.0374  0.0323  0.0369  0.0188  0.0000
   9.400   150.00  147.96  138.07  140.67  142.33  142.89  0.000  0.0443  0.0424  0.0497  0.0339  0.0172  0.0000
   9.500   150.00  142.37  146.95  150.32  152.36  153.04  0.000  0.0456  0.0566  0.0440  0.0300  0.0152  0.0000
   9.600   150.00  148.98  154.61  158.63  161.03  161.83  0.000  0.0688  0.0472  0.0369  0.0252  0.0128  0.0000
   9.700   150.00  162.23  160.66  165.32  168.09  169.01  0.000  0.0489  0.0491  0.0285  0.0197  0.0101  0.0000
   9.800   150.00  161.67  172.93  170.12  173.31  174.36  0.000  0.0295  0.0301  0.0319  0.0133  0.0069  0.0000
   9.900   150.00  160.70  171.13  180.92  176.39  177.60  0.000  0.0114  0.0123  0.0149  0.0191  0.0033  0.0000
  10.000   150.00  159.46  168.69  177.40  185.21  178.42  0.000 -0.0049 -0.0038 -0.0005  0.0049  0.0122  0.0000
  10.100   150.00  157.98  165.73  172.98  179.43  192.82  0.000 -0.0190 -0.0177 -0.0139 -0.0074  0.0016  0.0000
  10.200   150.00  156.27  162.28  167.76  180.59  180.44  0.000 -0.0305 -0.0290 -0.0246 -0.0171 -0.0196  0.0000
  10.300   150.00  154.30  158.30  169.89  168.77  168.36  0.000 -0.0391 -0.0374 -0.0323 -0.0368 -0.0187  0.0000
  10.400   150.00  152.03  161.90  159.31  157.66  157.10  0.000 -0.0443 -0.0423 -0.0496 -0.0339 -0.0172  0.0000
  10.500   150.00  157.61  153.05  149.68  147.65  146.97  0.000 -0.0456 -0.0564 -0.0439 -0.0300 -0.0152  0.0000
  10.600   150.00  151.01  145.39  141.39  138.99  138.19  0.000 -0.0686 -0.0472 -0.0368 -0.0252 -0.0128  0.0000
  10.700   150.00  137.80  139.36  134.70  131.94  131.02  0.000 -0.0488 -0.0490 -0.0285 -0.0197 -0.0100  0.0000
  10.800   150.00  138.35  127.11  129.91  126.73  125.68  0.000 -0.0294 -0.0301 -0.0318 -0.0133 -0.0069  0.0000
  10.900   150.00  139.31  128.90  119.14  123.65  122.45  0.000 -0.0114 -0.0123 -0.0149 -0.0191 -0.0032  0.0000
  11.000   150.00  140.55  131.34  122.65  114.86  121.63  0.000  0.0049  0.0038  0.0005 -0.0049 -0.0122  0.0000
  11.100   150.00  142.03  134.30  127.06  120.62  107.27  0.000  0.0189  0.0177  0.0138  0.0074 -0.0016  0.0000
  11.200   150.00  143.74  137.74  132.27  119.47  119.62  0.000  0.0305  0.0290  0.0245  0.0171  0.0196  0.0000
  11.300   150.00  145.71  141.72  130.15  131.26  131.67  0.000  0.0390  0.0373  0.0322  0.0367  0.0187  0.0000
  11.400   150.00  147.97  138.12  140.71  142.35  142.91  0.000  0.0442  0.0422  0.0495  0.0338  0.0171  0.0000
  11.500   150.00  142.41  146.96  150.31  152.35  153.03  0.000  0.0455  0.0563  0.0438  0.0299  0.0151  0.0000
  11.600   150.00  148.99  154.60  158.60  160.99  161.79  0.000  0.0685  0.0471  0.0368  0.0252  0.0128  0.0000
  11.700   150.00  162.17  160.62  165.27  168.03  168.95  0.000  0.0487  0.0489  0.0284  0.0196  0.0100  0.0000
  11.800   150.00  161.63  172.84  170.06  173.23  174.28  0.000  0.0294  0.0300  0.0318  0.0133  0.0069  0.0000
  11.900   150.00  160.67  171.06  180.80  176.30  177.51  0.000  0.0114  0.0122  0.0149  0.0190  0.0032  0.0000
  12.000   150.00  159.43  168.63  177.30  185.08  178.32  0.000 -0.0049 -0.0038 -0.0005  0.0049  0.0121  0.0000
  12.100   150.00  157.96  165.68  172.90  179.32  192.64  0.000 -0.0189 -0.0176 -0.0138 -0.0074  0.0016  0.0000
  12.200   150.00  156.24  162.24  167.70  180.47  180.33  0.000 -0.0304 -0.0289 -0.0245 -0.0170 -0.0195  0.0000
  12.300   150.00  154.28  158.27  169.80  168.70  168.30  0.000 -0.0389 -0.0373 -0.0322 -0.0366 -0.0187  0.0000
  12.400   150.00  152.02  161.85  159.28  157.64  157.08  0.000 -0.0441 -0.0422 -0.0494 -0.0338 -0.0171  0.0000
  12.500   150.00  157.57  153.03  149.69  147.65  146.97  0.000 -0.0454 -0.0562 -0.0438 -0.0299 -0.0151  0.0000
  12.600   150.00  151.01  145.41  141.42  139.03  138.23  0.000 -0.0683 -0.0470 -0.0367 -0.0251 -0.0128  0.0000
  12.700   150.00  137.85  139.40  134.76  132.00  131.08  0.000 -0.0486 -0.0488 -0.0284 -0.0196 -0.0100  0.0000
  12.800   150.00  138.39  127.20  129.98  126.81  125.76  0.000 -0.0293 -0.0300 -0.0317 -0.0132 -0.0068  0.0000
  12.900   150.00  139.35  128.98  119.26  123.74  122.54  0.000 -0.0113 -0.0122 -0.0148 -0.0190 -0.0032  0.0000
  13.000   150.00  140.58  131.40  122.74  114.99  121.73  0.000  0.0049  0.0038  0.0005 -0.0048 -0.0121  0.0000
  13.100   150.00  142.06  134.35  127.14  120.73  107.44  0.000  0.0189  0.0176  0.0138  0.0074 -0.0016  0.0000
  13.200   150.00  143.77  137.79  132.33  119.59  119.72  0.000  0.0304  0.0289  0.0245  0.0170  0.0195  0.0000
  13.300   150.00  145.73  141.75  130.24  131.33  131.73  0.000  0.0389  0.0372  0.0321  0.0366  0.0186  0.0000
  13.400   150.00  147.98  138.18  140.74  142.38  142.93  0.000  0.0440  0.0421  0.0493  0.0337  0.0171  0.0000
  13.500   150.00  142.45  146.97  150.31  152.34  153.02  0.000  0.0453  0.0561  0.0437  0.0298  0.0151  0.0000
  13.600   150.00  148.99  154.58  158.57  160.96  161.75  0.000  0.0682  0.0469  0.0366  0.0251  0.0127  0.0000
  13.700   150.00  162.12  160.58  165.22  167.98  168.89  0.000  0.0485  0.0487  0.0283  0.0196  0.0100  0.0000
  13.800   150.00  161.58  172.75  169.99  173.15  174.20  0.000  0.0293  0.0299  0.0316  0.0132  0.0068  0.0000
  13.900   150.00  160.63  170.99  180.68  176.21  177.41  0.000  0.0113  0.0122  0.0148  0.0189  0.0032  0.0000
  14.000   150.00  159.40  168.57  177.21  184.94  178.22  0.000 -0.0049 -0.0038 -0.0005  0.0048  0.0121  0.0000
  14.100   150.00  157.93  165.63  172.83  179.22  192.47  0.000 -0.0189 -0.0176 -0.0138 -0.0074  0.0016  0.0000
  14.200   150.00  156.22  162.19  167.64  180.36  180.22  0.000 -0.0303 -0.0288 -0.0244 -0.0170 -0.0194  0.0000
  14.300   150.00  154.26  158.24  169.72  168.64  168.24  0.000 -0.0388 -0.0371 -0.0321 -0.0365 -0.0186  0.0000
  14.400   150.00  152.02  161.79  159.24  157.61  157.06  0.000 -0.0440 -0.0420 -0.0492 -0.0337 -0.0171  0.0000
  14.500   150.00  157.53  153.02  149.69  147.66  146.98  0.000 -0.0452 -0.0560 -0.0436 -0.0298 -0.0151  0.0000
  14.600   150.00  151.01  145.43  141.45  139.06  138.27  0.000 -0.0681 -0.0468 -0.0366 -0.0250 -0.0127  0.0000
  14.700   150.00  137.91  139.44  134.81  132.05  131.14  0.000 -0.0484 -0.0486 -0.0283 -0.0195 -0.0100  0.0000
  14.800   150.00  138.44  127.29  130.05  126.89  125.84  0.000 -0.0292 -0.0299 -0.0316 -0.0132 -0.0068  0.0000
  14.900   150.00  139.38  129.05  119.38  123.83  122.63  0.000 -0.0113 -0.0122 -0.0148 -0.0189 -0.0032  0.0000
  15.000   150.00  140.61  131.46  122.84  115.12  121.83  0.000  0.0049  0.0038  0.0005 -0.0048 -0.0121  0.0000
  15.100   150.00  142.08  134.40  127.21  120.83  107.61  0.000  0.0188  0.0176  0.0137  0.0073 -0.0016  0.0000
  15.200   150.00  143.79  137.83  132.39  119.70  119.83  0.000  0.0303  0.0288  0.0244  0.0170  0.0194  0.0000
  15.300   150.00  145.75  141.78  130.32  131.39  131.79  0.000  0.0387  0.0371  0.0320  0.0364  0.0185  0.0000
  15.400   150.00  147.99  138.24  140.78  142.40  142.95  0.000  0.0439  0.0420  0.0491  0.0336  0.0170  0.0000
  15.500   150.00  142.49  146.99  150.31  152.33  153.01  0.000  0.0452  0.0559  0.0435  0.0297  0.0151  0.0000
  15.600   150.00  149.00  154.56  158.54  160.92  161.72  0.000  0.0679  0.0468  0.0365  0.0250  0.0127  0.0000
  15.700   150.00  162.06  160.54  165.17  167.92  168.83  0.000  0.0483  0.0485  0.0282  0.0195  0.0100  0.0000
  15.800   150.00  161.54  172.66  169.92  173.07  174.12  0.000  0.0292  0.0298  0.0315  0.0132  0.0068  0.0000
  15.900   150.00  160.60  170.92  180.57  176.12  177.32  0.000  0.0113  0.0122  0.0148  0.0188  0.0032  0.0000
  16.000   150.00  159.38  168.51  177.12  184.81  178.13  0.000 -0.0048 -0.0038 -0.0005  0.0048  0.0120  0.0000
  16.100   150.00  157.91  165.58  172.75  179.12  192.30  0.000 -0.0188 -0.0175 -0.0137 -0.0073  0.0016  0.0000
  16.200   150.00  156.20  162.15  167.58  180.24  180.12  0.000 -0.0302 -0.0287 -0.0243 -0.0169 -0.0193  0.0000
  16.300   150.00  154.25  158.21  169.64  168.58  168.18  0.000 -0.0387 -0.0370 -0.0320 -0.0363 -0.0185  0.0000
  16.400   150.00  152.01  161.74  159.21  157.59  157.04  0.000 -0.0438 -0.0419 -0.0490 -0.0335 -0.0170  0.0000
  16.500   150.00  157.49  153.01  149.69  147.67  146.99  0.000 -0.0451 -0.0558 -0.0435 -0.0297 -0.0150  0.0000
  16.600   150.00  151.00  145.45  141.48  139.10  138.30  0.000 -0.0678 -0.0467 -0.0365 -0.0250 -0.0127  0.0000
  16.700   150.00  137.97  139.47  134.86  132.11  131.20  0.000 -0.0483 -0.0485 -0.0282 -0.0195 -0.0099  0.0000
  16.800   150.00  138.48  127.38  130.11  126.96  125.92  0.000 -0.0291 -0.0298 -0.0315 -0.0131 -0.0068  0.0000
  16.900   150.00  139.42  129.12  119.49  123.92  122.73  0.000 -0.0113 -0.0121 -0.0147 -0.0188 -0.0032  0.0000
  17.000   150.00  140.64  131.52  122.93  115.26  121.92  0.000  0.0048  0.0038  0.0005 -0.0048 -0.0120  0.0000
  17.100   150.00  142.11  134.45  127.29  120.93  107.78  0.000  0.0188  0.0175  0.0137  0.0073 -0.0016  0.0000
  17.200   150.00  143.81  137.87  132.45  119.82  119.94  0.000  0.0302  0.0287  0.0243  0.0169  0.0193  0.0000
  17.300   150.00  145.76  141.81  130.40  131.46  131.85  0.000  0.0386  0.0369  0.0319  0.0363  0.0185  0.0000
  17.400   150.00  148.00  138.29  140.81  142.42  142.97  0.000  0.0437  0.0418  0.0489  0.0335  0.0170  0.0000
  17.500   150.00  142.53  147.00  150.31  152.33  153.00  0.000  0.0450  0.0557  0.0434  0.0296  0.0150  0.0000
  17.600   150.00  149.00  154.54  158.51  160.89  161.68  0.000  0.0677  0.0466  0.0364  0.0249  0.0127  0.0000
  17.700   150.00  162.01  160.51  165.12  167.86  168.77  0.000  0.0482  0.0484  0.0281  0.0194  0.0099  0.0000
  17.800   150.00  161.50  172.57  169.85  173.00  174.04  0.000  0.0291  0.0297  0.0314  0.0131  0.0068  0.0000
  17.900   150.00  160.57  170.85  180.45  176.03  177.23  0.000  0.0112  0.0121  0.0147  0.0187  0.0032  0.0000
  18.000   150.00  159.35  168.45  177.02  184.68  178.03  0.000 -0.0048 -0.0037 -0.0005  0.0048  0.0120  0.0000
  18.100   150.00  157.88  165.52  172.67  179.02  192.13  0.000 -0.0187 -0.0175 -0.0137 -0.0073  0.0016  0.0000
  18.200   150.00  156.18  162.11  167.52  180.13  180.01  0.000 -0.0301 -0.0287 -0.0243 -0.0169 -0.0193  0.0000
  18.300   150.00  154.23  158.18  169.56  168.51  168.12  0.000 -0.0386 -0.0369 -0.0318 -0.0362 -0.0184  0.0000
  18.400   150.00  152.00  161.68  159.17  157.56  157.02  0.000 -0.0437 -0.0417 -0.0488 -0.0334 -0.0169  0.0000
  18.500   150.00  157.45  153.00  149.69  147.68  147.00  0.000 -0.0449 -0.0556 -0.0433 -0.0296 -0.0150  0.0000
  18.600   150.00  151.00  145.47  141.51  139.13  138.34  0.000 -0.0675 -0.0465 -0.0363 -0.0249 -0.0126  0.0000
  18.700   150.00  138.02  139.51  134.91  132.17  131.26  0.000 -0.0481 -0.0483 -0.0281 -0.0194 -0.0099  0.0000
  18.800   150.00  138.52  127.47  130.18  127.04  126.00  0.000 -0.0290 -0.0297 -0.0313 -0.0131 -0.0068  0.0000
  18.900   150.00  139.45  129.19  119.61  124.01  122.82  0.000 -0.0112 -0.0121 -0.0147 -0.0187 -0.0032  0.0000
  19.000   150.00  140.67  131.58  123.02  115.39  122.02  0.000  0.0048  0.0037  0.0005 -0.0048 -0.0119  0.0000
  19.100   150.00  142.13  134.50  127.36  121.03  107.95  0.000  0.0187  0.0174  0.0136  0.0073 -0.0016  0.0000
  19.200   150.00  143.83  137.91  132.51  119.93  120.04  0.000  0.0301  0.0286  0.0242  0.0168  0.0192  0.0000
  19.300   150.00  145.78  141.84  130.48  131.52  131.90  0.000  0.0385  0.0368  0.0318  0.0361  0.0184  0.0000
  19.400   150.00  148.00  138.35  140.85  142.45  142.99  0.000  0.0436  0.0417  0.0487  0.0334  0.0169  0.0000
  19.500   150.00  142.57  147.01  150.31  152.32  152.99  0.000  0.0449  0.0555  0.0433  0.0295  0.0150  0.0000
  19.600   150.00  149.01  154.53  158.48  160.85  161.64  0.000  0.0674  0.0464  0.0363  0.0248  0.0126  0.0000
  19.700   150.00  161.95  160.47  165.06  167.80  168.71  0.000  0.0480  0.0482  0.0280  0.0194  0.0099  0.0000
  19.800   150.00  161.46  172.48  169.79  172.92  173.96  0.000  0.0290  0.0296  0.0313  0.0131  0.0068  0.0000
  19.900   150.00  160.53  170.78  180.34  175.95  177.13  0.000  0.0112  0.0121  0.0147  0.0187  0.0032  0.0000
  20.000   150.00  159.32  168.39  176.93  184.55  177.93  0.000 -0.0048 -0.0037 -0.0005  0.0048  0.0119  0.0000
  20.100   150.00  157.86  165.47  172.60  178.92  191.96  0.000 -0.0187 -0.0174 -0.0136 -0.0073  0.0016  0.0000