0.000	16.4967	0
0.020	-10.1553	0.0129317
0.040	-10.1553	3.88E-02
0.060	-10.1552	6.46E-02
0.080	-10.1552	9.05E-02
0.100	-10.1552	0.1162625
0.120	-10.1552	0.1420441
0.140	-10.1551	0.1678052
0.160	-10.1551	0.1935459
0.180	-10.1550	0.2192662
0.200	-10.1550	0.2449661
0.220	-10.1550	0.2706456
0.240	-10.1550	0.2963046
0.260	-10.1549	0.3219433
0.280	-10.1549	0.3475615
0.300	-10.1548	0.3731594
0.320	-10.1548	0.398737
0.340	-10.1548	0.4242941
0.360	-10.1548	0.4498309
0.380	-10.1547	0.4753473
0.400	-10.1547	0.5008434
0.420	-10.1546	0.5263191
0.440	-10.1546	0.5517745
0.460	-10.1546	0.5772097
0.480	-10.1546	0.6026244
0.500	-10.1545	0.6280189
0.520	-10.1545	0.653393
0.540	-10.1544	0.6787469
0.560	-10.1544	0.7040804
0.580	-10.1544	0.7293937
0.600	-10.1544	0.7546867
0.620	-10.1543	0.7799594
0.640	-10.1543	0.8052118
0.660	-10.1542	0.8304441
0.680	-10.1542	0.855656
0.700	-10.1542	0.8808477
0.720	-10.1542	0.9060192
0.740	-10.1541	0.9311704
0.760	-10.1541	0.9563015
0.780	-10.1540	0.9814122
0.800	-10.1540	1.006503
0.820	-10.1540	1.031573
0.840	-10.1540	1.056623
0.860	-10.1539	1.081653
0.880	-10.1539	1.106663
0.900	-10.1538	1.131653
0.920	-10.1538	1.156622
0.940	-10.1538	1.181572
0.960	-10.1538	1.206501
0.980	-10.1537	1.23141
1.000	-10.1537	1.256299
1.020	-10.1537	1.281167
1.040	-10.1537	1.306016
1.060	-10.1536	1.330844
1.080	-10.1536	1.355653
1.100	-10.1535	1.380441
1.120	-10.1535	1.405209
1.140	-10.1535	1.429957
1.160	-10.1535	1.454685
1.180	-10.1534	1.479393
1.200	-10.1534	1.504081
1.220	-10.1533	1.528748
1.240	-10.1533	1.553396
1.260	-10.1533	1.578024
1.280	-10.1533	1.602631
1.300	-10.1532	1.627219
1.320	-10.1532	1.651786
1.340	-10.1532	1.676333
1.360	-10.1532	1.700861
1.380	-10.1531	1.725368
1.400	-10.1531	1.749856
1.420	-10.1530	1.774323
1.440	-10.1530	1.79877
1.460	-10.1530	1.823198
1.480	-10.1530	1.847605
1.500	-10.1529	1.871992
1.520	-10.1529	1.89636
1.540	-10.1528	1.920707
1.560	-10.1528	1.945035
1.580	-10.1528	1.969342
1.600	-10.1528	1.99363
1.620	-10.1527	2.017898
1.640	-10.1527	2.042145
1.660	-10.1527	2.066373
1.680	-10.1527	2.090581
1.700	-10.1526	2.114769
1.720	-10.1526	2.138937
1.740	-10.1525	2.163085
1.760	-10.1525	2.187214
1.780	-10.1525	2.211322
1.800	-10.1525	2.235411
1.820	-10.1524	2.259479
1.840	-10.1524	2.283528
1.860	-10.1524	2.307557
1.880	-10.1524	2.331566
1.900	-10.1523	2.355555
1.920	-10.1523	2.379524
1.940	-10.1522	2.403474
1.960	-10.1522	2.427403
1.980	-10.1522	2.451313
2.000	-10.1522	2.475203
2.020	-10.1521	2.499074
2.040	-10.1521	2.522924
2.060	-10.1520	2.546755
2.080	-10.1520	2.570565
2.100	-10.1520	2.594356
2.120	-10.1520	2.618128
2.140	-10.1519	2.641879
2.160	-10.1519	2.665611
2.180	-10.1519	2.689323
2.200	-10.1519	2.713015
2.220	-10.1518	2.736687
2.240	-10.1518	2.76034
2.260	-10.1518	2.783973
2.280	-10.1518	2.807586
2.300	-10.1517	2.83118
2.320	-10.1517	2.854753
2.340	-10.1516	2.878307
2.360	-10.1516	2.901842
2.380	-10.1516	2.925356
2.400	-10.1516	2.948851
2.420	-10.1429	2.968962
2.440	-10.1429	2.985688
2.460	-10.1428	3.002373
2.480	-10.1428	3.019019
2.500	-10.1427	3.035623
2.520	-10.1427	3.052188
2.540	-10.1426	3.068712
2.560	-10.1426	3.085196
2.580	-10.1426	3.101639
2.600	-10.1426	3.118042
2.620	-10.1425	3.134405
2.640	-10.1425	3.150728
2.660	-10.1424	3.16701
2.680	-10.1424	3.183253
2.700	-10.1423	3.199455
2.720	-10.1423	3.215617
2.740	-10.1422	3.231739
2.760	-10.1422	3.24782
2.780	-10.1421	3.263862
2.800	-10.1421	3.279863
2.820	-10.1421	3.295825
2.840	-10.1421	3.311746
2.860	-10.1420	3.327627
2.880	-10.1420	3.343469
2.900	-10.1419	3.35927
2.920	-10.1419	3.375032
2.940	-10.1418	3.390754
2.960	-10.1418	3.406435
2.980	-10.1417	3.422077
3.000	-10.1417	3.437679
3.020	-10.1417	3.453241
3.040	-10.1417	3.468763
3.060	-10.1416	3.484245
3.080	-10.1416	3.499688
3.100	-10.1415	3.515091
3.120	-10.1415	3.530454
3.140	-10.1414	3.545777
3.160	-10.1414	3.561061
3.180	-10.1414	3.576305
3.200	-10.1414	3.591509
3.220	-10.1361	3.603139
3.240	-10.1413	3.614729
3.260	-10.1360	3.626303
3.280	-10.1412	3.63786
3.300	-10.1360	3.6494
3.320	-10.1412	3.660922
3.340	-10.1360	3.672428
3.360	-10.1412	3.683916
3.380	-10.1360	3.695388
3.400	-10.1411	3.706843
3.420	-10.1360	3.718281
3.440	-10.1411	3.729702
3.460	-10.1360	3.741106
3.480	-10.1411	3.752492
3.500	-10.1359	3.763862
3.520	-10.1410	3.775215
3.540	-10.1359	3.786551
3.560	-10.1410	3.79787
3.580	-10.1359	3.809172
3.600	-10.1410	3.820457
3.620	-10.1359	3.831726
3.640	-10.1409	3.842977
3.660	-10.1359	3.854211
3.680	-10.1409	3.865428
3.700	-10.1359	3.876629
3.720	-10.1409	3.887813
3.740	-10.1358	3.898979
3.760	-10.1408	3.910129
3.780	-10.1358	3.921262
3.800	-10.1408	3.932377
3.820	-10.1358	3.943476
3.840	-10.1408	3.954558
3.860	-10.1358	3.965623
3.880	-10.1407	3.976671
3.900	-10.1358	3.987703
3.920	-10.1407	3.998717
3.940	-10.1358	4.009715
3.960	-10.1407	4.020695
3.980	-10.1357	4.031659
4.000	-10.1406	4.042605
4.020	-10.1357	4.053535
4.040	-10.1406	4.064448
4.060	-10.1357	4.075344
4.080	-10.1406	4.086223
4.100	-10.1357	4.097085
4.120	-10.1406	4.107931
4.140	-10.1357	4.118759
4.160	-10.1405	4.129571
4.180	-10.1357	4.140366
4.200	-10.1405	4.151143
4.220	-10.1357	4.161905
4.240	-10.1405	4.172649
4.260	-10.1356	4.183376
4.280	-10.1404	4.194087
4.300	-10.1356	4.20478
4.320	-10.1404	4.215457
4.340	-10.1356	4.226117
4.360	-10.1404	4.236759
4.380	-10.1356	4.247386
4.400	-10.1403	4.257995
4.420	-10.1356	4.268588
4.440	-10.1403	4.279163
4.460	-10.1356	4.289722
4.480	-10.1403	4.300263
4.500	-10.1355	4.310789
4.520	-10.1402	4.321297
4.540	-10.1355	4.331789
4.560	-10.1402	4.342263
4.580	-10.1355	4.352721
4.600	-10.1402	4.363162
4.620	-10.1355	4.373586
4.640	-10.1401	4.383993
4.660	-10.1355	4.394383
4.680	-10.1401	4.404757
4.700	-10.1355	4.415114
4.720	-10.1401	4.425454
4.740	-10.1355	4.435777
4.760	-10.1401	4.446084
4.780	-10.1351	4.455911
4.800	-10.1351	4.461762
4.820	-10.1350	4.467576
4.840	-10.1350	4.47335
4.860	-10.1350	4.479085
4.880	-10.1350	4.48478
4.900	-10.1350	4.490438
4.920	-10.1350	4.496056
4.940	-10.1350	4.501635
4.960	-10.1350	4.507175
4.980	-10.1349	4.512676
5.000	-10.1349	4.518139
5.020	-10.1349	4.523562
5.040	-10.1349	4.528947
5.060	-10.1349	4.534293
5.080	-10.1349	4.5396
5.100	-10.1349	4.544868
5.120	-10.1349	4.550097
5.140	-10.1348	4.555288
5.160	-10.1348	4.56044
5.180	-10.1348	4.565553
5.200	-10.1348	4.570628
5.220	-10.1348	4.575661
5.240	-10.1348	4.580632
5.260	-10.1347	4.58554
5.280	-10.1347	4.590386
5.300	-10.1347	4.59517
5.320	-10.1347	4.59989
5.340	-10.1347	4.604549
5.360	-10.1347	4.609145
5.380	-10.1346	4.613679
5.400	-10.1346	4.618151
5.420	-10.1346	4.622561
5.440	-10.1346	4.626909
5.460	-10.1346	4.631195
5.480	-10.1345	4.635419
5.500	-10.1345	4.639582
5.520	-10.1345	4.643682
5.540	-10.1345	4.647721
5.560	-10.1345	4.651698
5.580	-10.1345	4.655613
5.600	-10.1345	4.659468
5.620	-10.1342	4.659953
5.640	-10.1342	4.657114
5.660	-10.1343	4.654259
5.680	-10.1342	4.651389
5.700	-10.1343	4.648502
5.720	-10.1342	4.6456
5.740	-10.1343	4.642681
5.760	-10.1343	4.639747
5.780	-10.1343	4.636797
5.800	-10.1343	4.63383
5.820	-10.1343	4.630848
5.840	-10.1343	4.62785
5.860	-10.1343	4.624836
5.880	-10.1343	4.621806
5.900	-10.1343	4.61876
5.920	-10.1343	4.615697
5.940	-10.1343	4.61262
5.960	-10.1343	4.609526
5.980	-10.1343	4.606416
6.000	-10.1343	4.60329
6.020	-10.1343	4.600149
6.040	-10.1343	4.596991
6.060	-10.1343	4.593817
6.080	-10.1343	4.590628
6.100	-10.1343	4.587422
6.120	-10.1343	4.584201
6.140	-10.1343	4.580963
6.160	-10.1343	4.57771
6.180	-10.1343	4.574441
6.200	-10.1343	4.571156
6.220	-10.1343	4.567854
6.240	-10.1343	4.564538
6.260	-10.1343	4.561205
6.280	-10.1343	4.557856
6.300	-10.1344	4.554491
6.320	-10.1343	4.55111
6.340	-10.1344	4.547713
6.360	-10.1343	4.544301
6.380	-10.1344	4.540872
6.400	-10.1344	4.537427
6.420	-10.1344	4.533967
6.440	-10.1344	4.530491
6.460	-10.1344	4.526998
6.480	-10.1344	4.52349
6.500	-10.1344	4.519966
6.520	-10.1344	4.516426
6.540	-10.1344	4.512869
6.560	-10.1344	4.509297
6.580	-10.1344	4.50571
6.600	-10.1344	4.502106
6.620	-10.1344	4.498487
6.640	-10.1344	4.494851
6.660	-10.1344	4.491199
6.680	-10.1344	4.487532
6.700	-10.1344	4.483848
6.720	-10.1344	4.480149
6.740	-10.1344	4.476434
6.760	-10.1344	4.472703
6.780	-10.1344	4.468956
6.800	-10.1344	4.465192
6.820	-10.1344	4.461413
6.840	-10.1344	4.457619
6.860	-10.1345	4.453808
6.880	-10.1344	4.449981
6.900	-10.1345	4.446138
6.920	-10.1345	4.44228
6.940	-10.1345	4.438406
6.960	-10.1345	4.434515
6.980	-10.1345	4.430609
7.000	-10.1345	4.426687
7.020	-10.1345	4.422749
7.040	-10.1345	4.418795
7.060	-10.1345	4.414825
7.080	-10.1345	4.41084
7.100	-10.1345	4.406838
7.120	-10.1345	4.402821
7.140	-10.1345	4.398787
7.160	-10.1345	4.394737
7.180	-10.1345	4.390672
7.200	-10.1345	4.386591
7.220	-10.1345	4.382494
7.240	-10.1345	4.378381
7.260	-10.1345	4.374252
7.280	-10.1345	4.370108
7.300	-10.1345	4.365947
7.320	-10.1345	4.361771
7.340	-10.1346	4.357578
7.360	-10.1345	4.35337
7.380	-10.1346	4.349145
7.400	-10.1346	4.344905
7.420	-10.1346	4.34065
7.440	-10.1346	4.336378
7.460	-10.1346	4.33209
7.480	-10.1346	4.327786
7.500	-10.1346	4.323467
7.520	-10.1346	4.319131
7.540	-10.1346	4.31478
7.560	-10.1346	4.310413
7.580	-10.1346	4.30603
7.600	-10.1346	4.301631
7.620	-10.1346	4.297216
7.640	-10.1346	4.292785
7.660	-10.1346	4.288339
7.680	-10.1346	4.283876
7.700	-10.1346	4.279398
7.720	-10.1346	4.274904
7.740	-10.1346	4.270394
7.760	-10.1346	4.265868
7.780	-10.1347	4.261326
7.800	-10.1346	4.256768
7.820	-10.1347	4.252194
7.840	-10.1346	4.247605
7.860	-10.1347	4.243
7.880	-10.1347	4.238379
7.900	-10.1347	4.233742
7.920	-10.1347	4.229089
7.940	-10.1347	4.22442
7.960	-10.1347	4.219735
7.980	-10.1347	4.215034
8.000	-10.1347	4.210319
8.020	-10.1347	4.205586
8.040	-10.1347	4.200838
8.060	-10.1347	4.196074
8.080	-10.1347	4.191294
8.100	-10.1347	4.186499
8.120	-10.1347	4.181687
8.140	-10.1347	4.17686
8.160	-10.1347	4.172017
8.180	-10.1347	4.167158
8.200	-10.1401	4.157764
8.220	-10.1402	4.143838
8.240	-10.1402	4.129875
8.260	-10.1403	4.115874
8.280	-10.1403	4.101835
8.300	-10.1403	4.087758
8.320	-10.1403	4.073643
8.340	-10.1404	4.05949
8.360	-10.1404	4.0453
8.380	-10.1405	4.031071
8.400	-10.1405	4.016805
8.420	-10.1405	4.002501
8.440	-10.1405	3.988159
8.460	-10.1406	3.97378
8.480	-10.1406	3.959363
8.500	-10.1407	3.944907
8.520	-10.1407	3.930388
8.540	-10.1408	3.915809
8.560	-10.1408	3.901209
8.580	-10.1408	3.88659
8.600	-10.1408	3.871956
8.620	-10.1409	3.857307
8.640	-10.1408	3.842644
8.660	-10.1409	3.827967
8.680	-10.1408	3.813274
8.700	-10.1409	3.798568
8.720	-10.1409	3.783847
8.740	-10.1411	3.769022
8.760	-10.1411	3.754094
8.780	-10.1411	3.739152
8.800	-10.1411	3.724195
8.820	-10.1412	3.709223
8.840	-10.1411	3.694237
8.860	-10.1412	3.679237
8.880	-10.1411	3.664222
8.900	-10.1412	3.649192
8.920	-10.1412	3.634148
8.940	-10.1412	3.61909
8.960	-10.1412	3.604017
8.980	-10.1413	3.58893
9.000	-10.1413	3.573779
9.020	-10.1414	3.55857
9.040	-10.1414	3.543346
9.060	-10.1414	3.528107
9.080	-10.1414	3.512854
9.100	-10.1414	3.497587
9.120	-10.1414	3.482305
9.140	-10.1415	3.467009
9.160	-10.1415	3.451651
9.180	-10.1416	3.436225
9.200	-10.1416	3.420785
9.220	-10.1416	3.40533
9.240	-10.1416	3.389861
9.260	-10.1417	3.374377
9.280	-10.1416	3.35888
9.300	-10.1417	3.343367
9.320	-10.1416	3.327841
9.340	-10.1418	3.312252
9.360	-10.1418	3.296602
9.380	-10.1418	3.280937
9.400	-10.1418	3.265258
9.420	-10.1419	3.249565
9.440	-10.1418	3.233857
9.460	-10.1419	3.218135
9.480	-10.1418	3.202399
9.500	-10.1419	3.186648
9.520	-10.1419	3.170882
9.540	-10.1420	3.155103
9.560	-10.1419	3.139309
9.580	-10.1422	3.123407
9.600	-10.1421	3.107395
9.620	-10.1422	3.09137
9.640	-10.1422	3.07533
9.660	-10.1499	3.056162
9.680	-10.1424	3.036886
9.700	-10.1499	3.017597
9.720	-10.1424	2.998293
9.740	-10.1499	2.978977
9.760	-10.1424	2.959647
9.780	-10.1500	2.940305
9.800	-10.1425	2.920948
9.820	-10.1500	2.901578
9.840	-10.1425	2.882194
9.860	-10.1500	2.862797
9.880	-10.1425	2.843386
9.900	-10.1501	2.823963
9.920	-10.1426	2.804525
9.940	-10.1501	2.785075
9.960	-10.1426	2.76561
9.980	-10.1501	2.746133
10.000	-10.1426	2.726642
10.020	-10.1502	2.707138
10.040	-10.1426	2.68762
10.060	-10.1502	2.668089
10.080	-10.1427	2.648544
10.100	-10.1503	2.628986
10.120	-10.1427	2.609415
10.140	-10.1503	2.58983
10.160	-10.1427	2.570231
10.180	-10.1503	2.55062
10.200	-10.1428	2.530995
10.220	-10.1504	2.511357
10.240	-10.1428	2.491705
10.260	-10.1504	2.47204
10.280	-10.1428	2.452361
10.300	-10.1504	2.43267
10.320	-10.1429	2.412965
10.340	-10.1505	2.393246
10.360	-10.1429	2.373514
10.380	-10.1513	2.353495
10.400	-10.1513	2.33017
10.420	-10.1514	2.306806
10.440	-10.1514	2.283405
10.460	-10.1515	2.25997
10.480	-10.1515	2.236501
10.500	-10.1516	2.212996
10.520	-10.1516	2.189458
10.540	-10.1517	2.165885
10.560	-10.1517	2.142278
10.580	-10.1518	2.118637
10.600	-10.1518	2.094961
10.620	-10.1519	2.071252
10.640	-10.1519	2.04751
10.660	-10.1520	2.023736
10.680	-10.1520	1.999928
10.700	-10.1521	1.976088
10.720	-10.1521	1.952214
10.740	-10.1522	1.928309
10.760	-10.1522	1.904371
10.780	-10.1523	1.880407
10.800	-10.1523	1.856414
10.820	-10.1524	1.832384
10.840	-10.1524	1.808318
10.860	-10.1525	1.784217
10.880	-10.1525	1.76008
10.900	-10.1527	1.735906
10.920	-10.1527	1.711696
10.940	-10.1528	1.687449
10.960	-10.1528	1.663167
10.980	-10.1529	1.638849
11.000	-10.1529	1.614496
11.020	-10.1530	1.590106
11.040	-10.1530	1.565681
11.060	-10.1531	1.54122
11.080	-10.1531	1.516723
11.100	-10.1532	1.49219
11.120	-10.1532	1.467622
11.140	-10.1533	1.443018
11.160	-10.1533	1.418379
11.180	-10.1534	1.393704
11.200	-10.1534	1.368993
11.220	-10.1536	1.344245
11.240	-10.1536	1.319438
11.260	-10.1537	1.294572
11.280	-10.1537	1.269687
11.300	-10.1538	1.244785
11.320	-10.1539	1.219829
11.340	-10.1540	1.194817
11.360	-10.1539	1.169789
11.380	-10.1540	1.144746
11.400	-10.1541	1.119648
11.420	-10.1542	1.094491
11.440	-10.1541	1.06932
11.460	-10.1542	1.044139
11.480	-10.1543	1.018903
11.500	-10.1544	0.9936112
11.520	-10.1544	0.9683021
11.540	-10.1545	0.9429739
11.560	-10.1545	0.9175932
11.580	-10.1546	0.8921625
11.600	-10.1546	0.8667119
11.620	-10.1547	0.8412398
11.640	-10.1548	0.8157185
11.660	-10.1549	0.7901495
11.680	-10.1548	0.7645575
11.700	-10.1550	0.7389414
11.720	-10.1550	0.713279
11.740	-10.1551	0.6875718
11.760	-10.1551	0.661839
11.780	-10.1552	0.6360791
11.800	-10.1552	0.6102758
11.820	-10.1553	0.5844308
11.840	-10.1672	0.555348
11.860	-10.1674	0.5230251
11.880	-10.1672	0.4906931
11.900	-10.1674	0.458352
11.920	-10.1673	0.4260019
11.940	-10.1674	0.3936428
11.960	-10.1673	0.3612745
11.980	-10.1675	0.3288973
12.000	-10.1673	0.296511
12.020	-10.1675	0.2641157
12.040	-10.1674	0.2317114
12.060	-10.1675	0.1992981
12.080	-10.1674	0.1668757
12.100	-10.1676	0.1344443
12.120	-10.1675	0.102004
12.140	-10.1676	6.96E-02
12.160	-10.1675	0.0370962
12.180	-10.1676	4.63E-03
12.200	152.1581	0
12.220	152.5347	0
12.240	152.5969	0
12.260	152.3783	0
12.280	152.1446	0
12.300	153.1112	0
12.320	153.1737	0
12.340	152.3653	0
12.360	152.1323	0
12.380	152.2075	0
12.400	151.9754	0
12.420	153.8277	0
12.440	153.8906	0
12.460	152.1920	0
12.480	151.9214	0
12.500	154.4039	0
12.520	154.4671	0
12.540	152.1519	0
12.560	155.8544	0
12.580	156.1881	0
12.600	156.2101	0
12.620	156.5371	0
12.640	156.5515	0
12.660	156.8785	0
12.680	156.8936	0
12.700	157.2202	0
12.720	157.2359	0
12.740	157.5569	0
12.760	157.5681	0
12.780	157.8395	0
12.800	157.8756	0
12.820	158.2129	0
12.840	158.2491	0
12.860	158.5860	0
12.880	158.6224	0
12.900	158.9643	0
12.920	159.0007	0
12.940	159.3371	0
12.960	159.3736	0
12.980	159.7096	0
13.000	159.7462	0
13.020	160.0818	0
13.040	160.1185	0
13.060	160.4538	0
13.080	160.4905	0
13.100	160.8255	0
13.120	160.8623	0
13.140	161.1968	0
13.160	161.2337	0
13.180	161.5679	0
13.200	161.6049	0
13.220	161.9582	0
13.240	162.2051	0
13.260	162.5575	0
13.280	162.4131	0
13.300	162.7490	0
13.320	162.9647	0
13.340	163.3165	0
13.360	163.1490	0
13.380	163.4847	0
13.400	163.7150	0
13.420	164.0808	0
13.440	163.8786	0
13.460	164.1986	0
13.480	164.4419	0
13.500	164.7762	0
13.520	164.6300	0
13.540	164.9860	0
13.560	165.1680	0
13.580	165.5022	0
13.600	165.3860	0
13.620	165.7350	0
13.640	165.8941	0
13.660	166.2275	0
13.680	166.1413	0
13.700	166.4891	0
13.720	166.6196	0
13.740	166.9529	0
13.760	166.8953	0
13.780	167.2425	0
13.800	167.3450	0
13.820	167.6775	0
13.840	167.6692	0
13.860	168.0360	0
13.880	168.1321	0
13.900	168.4852	0
13.920	168.5040	0
13.940	168.8703	0
13.960	168.9397	0
13.980	169.2922	0
14.000	169.3379	0
14.020	201.4420	0
14.040	201.4995	0
14.060	201.8436	0
14.080	201.8752	0
14.100	202.1964	0
14.120	202.2281	0
14.140	202.5486	0
14.160	202.5805	0
14.180	202.9006	0
14.200	-10.1496	1.11E-02
14.220	-10.1497	3.33E-02
14.240	-10.1496	5.55E-02
14.260	-10.1497	7.76E-02
14.280	-10.1495	9.98E-02
14.300	-10.1496	0.1218822
14.320	-10.1495	0.1439846
14.340	-10.1496	0.1660677
14.360	-10.1494	0.1881315
14.380	-10.1495	0.2101761
14.400	-10.1494	0.2322015
14.420	-10.1495	0.2542076
14.440	-10.1493	0.2761944
14.460	-10.1494	0.298162
14.480	-10.1493	0.3201104
14.500	-10.1494	0.3420396
14.520	-10.1492	0.3639496
14.540	-10.1493	0.3858403
14.560	-10.1491	0.4077119
14.580	-10.1492	0.4295642
14.600	-10.1491	0.4513974
14.620	-10.1492	0.4732113
14.640	-10.1490	0.4950061
14.660	-10.1491	0.5167817
14.680	-10.1490	0.5385382
14.700	-10.1491	0.5602754
14.720	-10.1489	0.5819935
14.740	-10.1490	0.6036925
14.760	-10.1489	0.6253724
14.780	-10.1490	0.647033
14.800	-10.1488	0.6686745
14.820	-10.1489	0.6902969
14.840	-10.1488	0.7119002
14.860	-10.1489	0.7334843
14.880	-10.1487	0.7550493
14.900	-10.1488	0.7765953
14.920	-10.1487	0.798122
14.940	-10.1488	0.8196298
14.960	-10.1486	0.8411184
14.980	-10.1487	0.8625879
15.000	-10.1486	0.8840384
15.020	-10.1487	0.9054698
15.040	-10.1485	0.926882
15.060	-10.1486	0.9482753
15.080	-10.1485	0.9696495
15.100	-10.1486	0.9910045
15.120	-10.1484	1.012341
15.140	-10.1485	1.033658
15.160	-10.1484	1.054956
15.180	-10.1485	1.076235
15.200	-10.1483	1.097494
15.220	-10.1484	1.118735
15.240	-10.1483	1.139957
15.260	-10.1484	1.16116
15.280	-10.1482	1.182344
15.300	-10.1483	1.203509
15.320	-10.1482	1.224655
15.340	-10.1483	1.245782
15.360	-10.1481	1.266889
15.380	-10.1482	1.287978
15.400	-10.1481	1.309048
15.420	-10.1482	1.330099
15.440	-10.1480	1.351131
15.460	-10.1481	1.372144
15.480	-10.1480	1.393138
15.500	-10.1480	1.414113
15.520	-10.1479	1.43507
15.540	-10.1480	1.456007
15.560	-10.1479	1.476925
15.580	-10.1479	1.497825
15.600	-10.1478	1.518705
15.620	-10.1479	1.539567
15.640	-10.1478	1.560409
15.660	-10.1478	1.581233
15.680	-10.1477	1.602038
15.700	-10.1478	1.622824
15.720	-10.1477	1.643591
15.740	-10.1477	1.664339
15.760	-10.1476	1.685068
15.780	-10.1477	1.705778
15.800	-10.1476	1.72647
15.820	-10.1476	1.747143
15.840	-10.1475	1.767796
15.860	-10.1476	1.788431
15.880	-10.1475	1.809047
15.900	-10.1475	1.829645
15.920	-10.1474	1.850223
15.940	-10.1475	1.870783
15.960	-10.1474	1.891324
15.980	-10.1474	1.911845
16.000	-10.1473	1.932348
16.020	-10.1474	1.952833
16.040	-10.1473	1.973298
16.060	-10.1474	1.993745
16.080	-10.1472	2.014173
16.100	-10.1473	2.034582
16.120	-10.1472	2.054972
16.140	-10.1473	2.075344
16.160	-10.1471	2.095696
16.180	-10.1472	2.11603
16.200	-10.1471	2.136346
16.220	-10.1472	2.156642
16.240	-10.1470	2.17692
16.260	-10.1471	2.197179
16.280	-10.1470	2.217419
16.300	-10.1471	2.23764
16.320	-10.1469	2.257843
16.340	-10.1470	2.278027
16.360	-10.1469	2.298192
16.380	-10.1470	2.318339
16.400	-10.1468	2.338467
16.420	-10.1469	2.358576
16.440	-10.1468	2.378666
16.460	-10.1469	2.398738
16.480	-10.1467	2.418791
16.500	-10.1468	2.438825
16.520	-10.1467	2.458841
16.540	-10.1468	2.478837
16.560	-10.1466	2.498816
16.580	-10.1467	2.518775
16.600	-10.1466	2.538716
16.620	-10.1467	2.558639
16.640	-10.1465	2.578542
16.660	-10.1466	2.598427
16.680	-10.1465	2.618293
16.700	-10.1466	2.638141
16.720	-10.1464	2.65797
16.740	-10.1465	2.67778
16.760	-10.1464	2.697572
16.780	-10.1465	2.717345
16.800	-10.1464	2.7371
16.820	-10.1464	2.756836
16.840	-10.1340	2.766424
16.860	-10.1351	2.76905
16.880	-10.1340	2.771659
16.900	-10.1351	2.774252
16.920	-10.1340	2.77683
16.940	-10.1350	2.779391
16.960	-10.1340	2.781935
16.980	-10.1350	2.784464
17.000	-10.1340	2.786977
17.020	-10.1350	2.789473
17.040	-10.1340	2.791954
17.060	-10.1350	2.794418
17.080	-10.1340	2.796866
17.100	-10.1350	2.799299
17.120	-10.1340	2.801714
17.140	-10.1350	2.804114
17.160	-10.1340	2.806498
17.180	-10.1350	2.808866
17.200	-10.1340	2.811217
17.220	-10.1350	2.813553
17.240	-10.1340	2.815872
17.260	-10.1350	2.818175
17.280	-10.1340	2.820462
17.300	-10.1349	2.822733
17.320	-10.1340	2.824988
17.340	-10.1349	2.827227
17.360	-10.1340	2.829449
17.380	-10.1349	2.831656
17.400	-10.1340	2.833846
17.420	-10.1349	2.83602
17.440	-10.1340	2.838179
17.460	-10.1349	2.840321
17.480	-10.1340	2.842447
17.500	-10.1349	2.844557
17.520	-10.1340	2.84665
17.540	-10.1349	2.848728
17.560	-10.1340	2.85079
17.580	-10.1349	2.852835
17.600	-10.1340	2.854864
17.620	-10.1349	2.856878
17.640	-10.1340	2.858875
17.660	-10.1348	2.860856
17.680	-10.1340	2.862821
17.700	-10.1348	2.86477
17.720	-10.1340	2.866703
17.740	-10.1348	2.868619
17.760	-10.1340	2.87052
17.780	-10.1348	2.872404
17.800	-10.1340	2.874273
17.820	-10.1348	2.876125
17.840	-10.1340	2.877962
17.860	-10.1348	2.879781
17.880	-10.1340	2.881586
17.900	-10.1348	2.883373
17.920	-10.1341	2.885146
17.940	-10.1348	2.886901
17.960	-10.1341	2.888641
17.980	-10.1348	2.890365
18.000	-10.1341	2.892072
18.020	-10.1348	2.893764
18.040	-10.1341	2.895439
18.060	-10.1347	2.897098
18.080	-10.1341	2.898741
18.100	-10.1347	2.900368
18.120	-10.1341	2.90198
18.140	-10.1347	2.903574
18.160	-10.1341	2.905153
18.180	-10.1347	2.906716
18.200	-10.1341	2.908263
18.220	-10.1347	2.909793
18.240	-10.1341	2.911308
18.260	-10.1347	2.912807
18.280	-10.1341	2.914289
18.300	-10.1347	2.915755
18.320	-10.1341	2.917206
18.340	-10.1347	2.91864
18.360	-10.1341	2.920058
18.380	-10.1347	2.92146
18.400	-10.1341	2.922846
18.420	-10.1347	2.924216
18.440	-10.1341	2.92557
18.460	-10.1346	2.926907
18.480	-10.1341	2.928229
18.500	-10.1346	2.929534
18.520	-10.1341	2.930824
18.540	-10.1346	2.932097
18.560	-10.1341	2.933355
18.580	-10.1346	2.934596
18.600	-10.1341	2.935822
18.620	-10.1346	2.937031
18.640	-10.1341	2.938224
18.660	-10.1346	2.939401
18.680	-10.1341	2.940562
18.700	-10.1346	2.941707
18.720	-10.1341	2.942836
18.740	-10.1346	2.943949
18.760	-10.1341	2.945045
18.780	-10.1346	2.946126
18.800	-10.1341	2.947191
18.820	-10.1346	2.94824
18.840	-10.1341	2.949272
18.860	-10.1346	2.950289
18.880	-10.1341	2.951289
18.900	-10.1345	2.952273
18.920	-10.1341	2.953242
18.940	-10.1345	2.954194
18.960	-10.1342	2.95513
18.980	-10.1345	2.95605
19.000	-10.1342	2.956954
19.020	-10.1345	2.957843
19.040	-10.1342	2.958715
19.060	-10.1345	2.959571
19.080	-10.1342	2.960411
19.100	-10.1345	2.961235
19.120	-10.1342	2.962042
19.140	-10.1345	2.962834
19.160	-10.1342	2.96361
19.180	-10.1345	2.96437
19.200	-10.1342	2.965113
19.220	-10.1345	2.965841
19.240	-10.1342	2.966552
19.260	-10.1345	2.967248
19.280	-10.1342	2.967927
19.300	-10.1345	2.968591
19.320	-10.1342	2.969238
19.340	-10.1345	2.96987
19.360	-10.1342	2.970485
19.380	-10.1344	2.971084
19.400	-10.1342	2.971668
19.420	-10.1344	2.972235
19.440	-10.1342	2.972786
19.460	-10.1344	2.973321
19.480	-10.1342	2.97384
19.500	-10.1344	2.974343
19.520	-10.1342	2.97483
19.540	-10.1344	2.975301
19.560	-10.1342	2.975756
19.580	-10.1344	2.976195
19.600	-10.1342	2.976618
19.620	-10.1344	2.977025
19.640	-10.1342	2.977416
19.660	-10.1344	2.977791
19.680	-10.1342	2.97815
19.700	-10.1344	2.978492
19.720	-10.1343	2.978819
19.740	-10.1344	2.97913
19.760	-10.1343	2.979425
19.780	-10.1344	2.979703
19.800	-10.1343	2.979966
19.820	-10.1344	2.980213
19.840	-10.1343	2.980443
19.860	-10.1344	2.980658
19.880	-10.1343	2.980856
19.900	-10.1343	2.981039
19.920	-10.1343	2.981205
19.940	-10.1343	2.981356
19.960	-10.1343	2.981491
19.980	-10.1343	2.981609
20.000	-10.1343	2.981711
20.020	-10.1343	2.981798
20.040	-10.1343	2.981868
20.060	-10.1343	2.981923
20.080	-10.1343	2.981961
20.100	-10.1343	2.981983
20.120	-10.1343	2.98199
20.140	-10.1343	2.98198
20.160	-10.1343	2.981955
20.180	-10.1343	2.981913
20.200	-10.1343	2.981855
20.220	-10.1343	2.981782
20.240	-10.1343	2.981692
20.260	-10.1343	2.981586
20.280	-10.1343	2.981465
20.300	-10.1343	2.981327
20.320	-10.1343	2.981173
20.340	-10.1343	2.981004
20.360	-10.1344	2.980818
20.380	-10.1343	2.980616
20.400	-10.1344	2.980398
20.420	-10.1343	2.980165
20.440	-10.1344	2.979915
20.460	-10.1343	2.979649
20.480	-10.1344	2.979368
20.500	-10.1343	2.97907
20.520	-10.1344	2.978756
20.540	-10.1342	2.978426
20.560	-10.1344	2.978081
20.580	-10.1342	2.977719
20.600	-10.1344	2.977341
20.620	-10.1342	2.976948
20.640	-10.1344	2.976538
20.660	-10.1342	2.976112
20.680	-10.1344	2.975671
20.700	-10.1342	2.975213
20.720	-10.1344	2.97474
20.740	-10.1342	2.97425
20.760	-10.1344	2.973744
20.780	-10.1342	2.973222
20.800	-10.1344	2.972685
20.820	-10.1342	2.972131
20.840	-10.1344	2.971562
20.860	-10.1342	2.970976
20.880	-10.1344	2.970375
20.900	-10.1342	2.969757
20.920	-10.1345	2.969123
20.940	-10.1342	2.968474
20.960	-10.1345	2.967808
20.980	-10.1342	2.967127
21.000	-10.1345	2.966429
21.020	-10.1342	2.965716
21.040	-10.1345	2.964987
21.060	-10.1342	2.964241
21.080	-10.1345	2.96348
21.100	-10.1342	2.962703
21.120	-10.1345	2.961909
21.140	-10.1342	2.9611
21.160	-10.1345	2.960274
21.180	-10.1342	2.959433
21.200	-10.1345	2.958576
21.220	-10.1342	2.957703
21.240	-10.1345	2.956814
21.260	-10.1342	2.955909
21.280	-10.1345	2.954987
21.300	-10.1341	2.95405
21.320	-10.1345	2.953097
21.340	-10.1341	2.952128
21.360	-10.1345	2.951143
21.380	-10.1341	2.950142
21.400	-10.1346	2.949125
21.420	-10.1341	2.948092
21.440	-10.1346	2.947043
21.460	-10.1341	2.945978
21.480	-10.1346	2.944898
21.500	-10.1341	2.943801
21.520	-10.1346	2.942688
21.540	-10.1341	2.94156
21.560	-10.1346	2.940415
21.580	-10.1341	2.939254
21.600	-10.1346	2.938078
21.620	-10.1341	2.936885
21.640	-10.1346	2.935677
21.660	-10.1341	2.934452
21.680	-10.1346	2.933212
21.700	-10.1341	2.931955
21.720	-10.1346	2.930683
21.740	-10.1341	2.929394
21.760	-10.1346	2.928091
21.780	-10.1341	2.92677
21.800	-10.1346	2.925434
21.820	-10.1341	2.924082
21.840	-10.1347	2.922714
21.860	-10.1341	2.92133
21.880	-10.1347	2.91993
21.900	-10.1341	2.918514
21.920	-10.1347	2.917082
21.940	-10.1341	2.915634
21.960	-10.1347	2.91417
21.980	-10.1341	2.912691
22.000	-10.1347	2.911195
22.020	-10.1341	2.909683
22.040	-10.1347	2.908156
22.060	-10.1341	2.906612
22.080	-10.1347	2.905053
22.100	-10.1341	2.903477
22.120	-10.1347	2.901886
22.140	-10.1341	2.900279
22.160	-10.1347	2.898656
22.180	-10.1341	2.897017
22.200	-10.1347	2.895361
22.220	-10.1341	2.89369
22.240	-10.1347	2.892004
22.260	-10.1341	2.890301
22.280	-10.1348	2.888582
22.300	-10.1341	2.886847
22.320	-10.1348	2.885096
22.340	-10.1340	2.88333
22.360	-10.1348	2.881547
22.380	-10.1340	2.879748
22.400	-10.1348	2.877934
22.420	-10.1340	2.876103
22.440	-10.1348	2.874257
22.460	-10.1340	2.872395
22.480	-10.1348	2.870517
22.500	-10.1340	2.868623
22.520	-10.1348	2.866713
22.540	-10.1340	2.864787
22.560	-10.1348	2.862844
22.580	-10.1340	2.860887
22.600	-10.1348	2.858913
22.620	-10.1340	2.856923
22.640	-10.1349	2.854918
22.660	-10.1340	2.852896
22.680	-10.1349	2.850859
22.700	-10.1340	2.848805
22.720	-10.1349	2.846736
22.740	-10.1340	2.844651
22.760	-10.1349	2.84255
22.780	-10.1340	2.840433
22.800	-10.1349	2.8383
22.820	-10.1340	2.836151
22.840	-10.1349	2.833986
22.860	-10.1340	2.831805
22.880	-10.1349	2.829608
22.900	-10.1340	2.827396
22.920	-10.1349	2.825167
22.940	-10.1340	2.822923
22.960	-10.1349	2.820662
22.980	-10.1340	2.818386
23.000	-10.1349	2.816094
23.020	-10.1340	2.813786
23.040	-10.1350	2.811462
23.060	-10.1340	2.809122
23.080	-10.1350	2.806766
23.100	-10.1340	2.804395
23.120	-10.1350	2.802007
23.140	-10.1340	2.799603
23.160	-10.1350	2.797184
23.180	-10.1432	2.785885
23.200	-10.1506	2.765986
23.220	-10.1457	2.744965
23.240	-10.1506	2.723932
23.260	-10.1458	2.702886
23.280	-10.1507	2.681827
23.300	-10.1458	2.660754
23.320	-10.1507	2.639669
23.340	-10.1458	2.61857
23.360	-10.1507	2.597459
23.380	-10.1459	2.576334
23.400	-10.1508	2.555197
23.420	-10.1459	2.534046
23.440	-10.1508	2.512883
23.460	-10.1459	2.491706
23.480	-10.1508	2.470517
23.500	-10.1460	2.449314
23.520	-10.1509	2.428099
23.540	-10.1460	2.40687
23.560	-10.1509	2.385629
23.580	-10.1460	2.364374
23.600	-10.1510	2.343107
23.620	-10.1461	2.321826
23.640	-10.1510	2.300534
23.660	-10.1461	2.279227
23.680	-10.1510	2.257908
23.700	-10.1461	2.236576
23.720	-10.1511	2.21523
23.740	-10.1462	2.193872
23.760	-10.1511	2.172501
23.780	-10.1462	2.151117
23.800	-10.1511	2.12972
23.820	-10.1462	2.10831
23.840	-10.1512	2.086888
23.860	-10.1463	2.065452
23.880	-10.1512	2.044003
23.900	-10.1463	2.022542
23.920	-10.1512	2.001067
23.940	-10.1463	1.979579
23.960	-10.1513	1.958079
23.980	-10.1464	1.936566
24.000	-10.1513	1.91504
24.020	-10.1464	1.893501
24.040	-10.1514	1.871949
24.060	-10.1464	1.850384
24.080	-10.1514	1.828807
24.100	-10.1465	1.807216
24.120	-10.1514	1.785613
24.140	-10.1465	1.763996
24.160	-10.1515	1.742367
24.180	-10.1466	1.720725
24.200	-10.1515	1.69907
24.220	-10.1466	1.677402
24.240	-10.1515	1.655722
24.260	-10.1466	1.634028
24.280	-10.1516	1.612322
24.300	-10.1467	1.590602
24.320	-10.1516	1.56887
24.340	-10.1467	1.547125
24.360	-10.1517	1.525368
24.380	-10.1467	1.503597
24.400	-10.1517	1.481814
24.420	-10.1468	1.460017
24.440	-10.1517	1.438209
24.460	-10.1468	1.416386
24.480	-10.1518	1.394552
24.500	-10.1468	1.372704
24.520	-10.1518	1.350844
24.540	-10.1469	1.328971
24.560	-10.1518	1.307085
24.580	-10.1469	1.285187
24.600	-10.1519	1.263275
24.620	-10.1469	1.241351
24.640	-10.1519	1.219414
24.660	-10.1470	1.197464
24.680	-10.1519	1.175502
24.700	-10.1470	1.153526
24.720	-10.1520	1.131538
24.740	-10.1470	1.109537
24.760	-10.1520	1.087524
24.780	-10.1471	1.065497
24.800	-10.1521	1.043458
24.820	-10.1471	1.021406
24.840	-10.1521	0.9993415
24.860	-10.1471	0.9772639
24.880	-10.1521	0.955174
24.900	-10.1472	0.933071
24.920	-10.1522	0.9109555
24.940	-10.1472	0.888827
24.960	-10.1522	0.8666862
24.980	-10.1472	0.8445321
25.000	-10.1522	0.8223659
25.020	-10.1473	0.8001865
25.040	-10.1523	0.7779948
25.060	-10.1473	0.75579
25.080	-10.1523	0.733573
25.100	-10.1473	0.7113426
25.120	-10.1524	0.6891002
25.140	-10.1474	0.6668446
25.160	-10.1524	0.6445768
25.180	-10.1474	0.6222957
25.200	-10.1524	0.6000026
25.220	-10.1474	0.5776962
25.240	-10.1525	0.5553777
25.260	-10.1475	0.533046
25.280	-10.1525	0.5107021
25.300	-10.1475	0.4883451
25.320	-10.1673	0.4618669
25.340	-10.1717	0.4284808
25.360	-10.1674	0.3950857
25.380	-10.1718	0.3616825
25.400	-10.1674	0.3282703
25.420	-10.1718	0.2948499
25.440	-10.1674	0.2614205
25.460	-10.1718	0.227983
25.480	-10.1675	0.1945365
25.500	-10.1719	0.1610818
25.520	-10.1675	0.1276182
25.540	-10.1719	9.41E-02
25.560	-10.1676	6.07E-02
25.580	-10.1719	2.72E-02
25.600	152.3163	0
25.620	162.5966	0
25.640	-10.1676	1.62E-02
25.660	-10.1720	4.97E-02
25.680	-10.1580	5.33E-02
25.700	-10.1583	2.57E-02
25.720	128.4135	0
25.740	128.5664	0
25.760	127.5384	0
25.780	129.4565	0
25.800	129.1026	0
25.820	129.6475	0
25.840	129.8680	0
25.860	130.4590	0
25.880	130.8974	0
25.900	131.0374	0
25.920	131.6550	0
25.940	133.9141	0
25.960	132.3199	0
25.980	134.1853	0
26.000	134.0233	0
26.020	129.0212	0
26.040	134.8234	0
26.060	128.4395	0
26.080	164.9923	0
26.100	164.3365	0
26.120	161.6875	0
26.140	134.7307	0
26.160	136.8186	0
26.180	135.7267	0
26.200	136.9161	0
26.220	137.2065	0
26.240	137.7213	0
26.260	137.4000	0
26.280	166.4733	0
26.300	137.8136	0
26.320	137.9532	0
26.340	137.4068	0
26.360	138.2305	0
26.380	165.6980	0
26.400	167.4431	0
26.420	166.5531	0
26.440	159.5048	0
26.460	159.2184	0
26.480	168.2681	0
26.500	155.5984	0
26.520	139.0952	0
26.540	167.3626	0
26.560	156.2752	0
26.580	139.2201	0
26.600	169.1001	0
26.620	157.2478	0
26.640	139.8891	0
26.660	168.0881	0
26.680	157.6555	0
26.700	130.1581	0
26.720	169.5911	0
26.740	168.8103	0
26.760	169.8002	0
26.780	169.4887	0
26.800	130.8869	0
26.820	157.0674	0
26.840	161.9097	0
26.860	161.2803	0
26.880	162.1366	0
26.900	161.9693	0
26.920	162.9788	0
26.940	163.0609	0
26.960	159.5873	0
26.980	159.8739	0
27.000	163.7988	0
27.020	163.9680	0
27.040	161.1645	0
27.060	160.8047	0
27.080	164.9551	0
27.100	164.3228	0
27.120	160.6537	0
27.140	159.8461	0
27.160	172.2897	0
27.180	165.4563	0
27.200	166.5176	0
27.220	165.6384	0
27.240	166.6732	0
27.260	166.0482	0
27.280	167.2330	0
27.300	171.9648	0
27.320	167.8984	0
27.340	167.0931	0
27.360	159.3676	0
27.380	142.0591	0
27.400	168.3232	0
27.420	167.6836	0
27.440	168.5794	0
27.460	168.0482	0
27.480	169.0416	0
27.500	168.3034	0
27.520	174.5763	0
27.540	168.9068	0
27.560	169.6366	0
27.580	173.9156	0
27.600	175.0094	0
27.620	174.1236	0
27.640	133.4777	0
27.660	132.4511	0
27.680	-10.1551	1.29E-02
27.700	-10.1557	3.88E-02
27.720	-10.1550	6.47E-02
27.740	-10.1557	9.06E-02
27.760	-10.1550	0.1164776
27.780	-10.1340	0.1287698
27.800	-10.1383	0.1224435
27.820	-10.1340	0.1161011
27.840	-10.1383	0.1097436
27.860	-10.1340	0.1033702
27.880	-10.1383	9.70E-02
27.900	-10.1340	9.06E-02
27.920	-10.1383	8.42E-02
27.940	-10.1340	7.77E-02
27.960	-10.1383	7.13E-02
27.980	-10.1340	6.48E-02
28.000	-10.1384	5.83E-02
28.020	-10.1340	0.0518244
28.040	-10.1384	4.53E-02
28.060	-10.1340	3.88E-02
28.080	-10.1384	3.22E-02
28.100	-10.1340	0.0256784
28.120	-10.1384	1.91E-02
28.140	-10.1340	1.25E-02
28.160	-10.1385	5.91E-03
28.180	-3.1616	0
28.200	49.2418	0
28.220	-10.1340	6.82E-04
28.240	-10.1385	7.29E-03
28.260	-10.1340	1.39E-02
28.280	-10.1384	0.0204539
28.300	-10.1340	2.70E-02
28.320	-10.1384	3.36E-02
28.340	-10.1340	4.01E-02
28.360	-10.1384	4.66E-02
28.380	-10.1340	5.31E-02
28.400	-10.1384	5.96E-02
28.420	-10.1340	6.60E-02
28.440	-10.1383	7.25E-02
28.460	-10.1340	7.89E-02
28.480	-10.1383	8.53E-02
28.500	-10.1340	9.17E-02
28.520	-10.1383	9.81E-02
28.540	-10.1340	0.1044207
28.560	-10.1383	0.1107641
28.580	-10.1340	0.1170916
28.600	-10.1382	0.1234021
28.620	-10.1340	0.1296966
28.640	-10.1382	0.1359742
28.660	-10.1340	0.1422358
28.680	-10.1382	0.1484804
28.700	-10.1340	0.1547091
28.720	-10.1382	0.1609209
28.740	-10.1340	0.1671166
28.760	-10.1381	0.1732955
28.780	-10.1340	0.1794583
28.800	-10.1381	0.1856043
28.820	-10.1340	0.1917343
28.840	-10.1381	0.1978474
28.860	-10.1340	0.2039444
28.880	-10.1381	0.2100246
28.900	-10.1340	0.2160888
28.920	-10.1380	0.2221361
28.940	-10.1340	0.2281674
28.960	-10.1380	0.2341818
28.980	-10.1340	0.2401802
29.000	-10.1380	0.2461618
29.020	-10.1340	0.2521273
29.040	-10.1380	0.258076
29.060	-10.1340	0.2640087
29.080	-10.1379	0.2699246
29.100	-10.1340	0.2758244
29.120	-10.1379	0.2817074
29.140	-10.1340	0.2875744
29.160	-10.1379	0.2934245
29.180	-10.1340	0.2992586
29.200	-10.1379	0.3050759
29.220	-10.1340	0.3108772
29.240	-10.1378	0.3166617
29.260	-10.1340	0.3224301
29.280	-10.1378	0.3281817
29.300	-10.1340	0.3339173
29.320	-10.1378	0.3396361
29.340	-10.1340	0.3453389
29.360	-10.1378	0.3510248
29.380	-10.1340	0.3566948
29.400	-10.1377	0.3623479
29.420	-10.1340	0.3679851
29.440	-10.1377	0.3736054
29.460	-10.1340	0.3792097
29.480	-10.1377	0.3847972
29.500	-10.1340	0.3903688
29.520	-10.1377	0.3959235
29.540	-10.1340	0.4014622
29.560	-10.1377	0.4069841
29.580	-10.1340	0.41249
29.600	-10.1376	0.4179792
29.620	-10.1340	0.4234523
29.640	-10.1376	0.4289086
29.660	-10.1340	0.434349
29.680	-10.1376	0.4397725
29.700	-10.1340	0.4451801
29.720	-10.1376	0.4505709
29.740	-10.1340	0.4559456
29.760	-10.1375	0.4613037
29.780	-10.1340	0.4666457
29.800	-10.1375	0.4719709
29.820	-10.1340	0.4772801
29.840	-10.1375	0.4825726
29.860	-10.1340	0.487849
29.880	-10.1375	0.4931087
29.900	-10.1340	0.4983525
29.920	-10.1375	0.5035794
29.940	-10.1340	0.5087904
29.960	-10.1374	0.5139846
29.980	-10.1340	0.5191628
30.000	-10.1374	0.5243243
30.020	-10.1340	0.5294697
30.040	-10.1374	0.5345985
30.060	-10.1340	0.5397112
30.080	-10.1374	0.5448071
30.100	-10.1340	0.5498871
30.120	-10.1373	0.5549504
30.140	-10.1340	0.5599977
30.160	-10.1373	0.5650282
30.180	-10.1340	0.5700427
30.200	-10.1373	0.5750405
30.220	-10.1340	0.5800223
30.240	-10.1373	0.5849874
30.260	-10.1340	0.5899365
30.280	-10.1373	0.5948688
30.300	-10.1340	0.5997852
30.320	-10.1372	0.6046849
30.340	-10.1340	0.6095685
30.360	-10.1372	0.6144355
30.380	-10.1340	0.6192865
30.400	-10.1372	0.6241208
30.420	-10.1340	0.628939
30.440	-10.1372	0.6337406
30.460	-10.1340	0.6385262
30.480	-10.1371	0.643295
30.500	-10.1340	0.6480479
30.520	-10.1371	0.6527842
30.540	-10.1340	0.6575044
30.560	-10.1371	0.6622079
30.580	-10.1340	0.6668954
30.600	-10.1371	0.6715662
30.620	-10.1340	0.6762211
30.640	-10.1371	0.6808593
30.660	-10.1340	0.6854814
30.680	-10.1370	0.6900869
30.700	-10.1340	0.6946764
30.720	-10.1370	0.6992493
30.740	-10.1340	0.7038061
30.760	-10.1370	0.7083462
30.780	-10.1340	0.7128705
30.800	-10.1370	0.717378
30.820	-10.1340	0.7218695
30.840	-10.1370	0.7263444
30.860	-10.1340	0.7308034
30.880	-10.1369	0.7352456
30.900	-10.1340	0.7396718
30.920	-10.1369	0.7440814
30.940	-10.1340	0.748475
30.960	-10.1369	0.752852
30.980	-10.1340	0.757213
31.000	-10.1369	0.7615573
31.020	-10.1340	0.7658857
31.040	-10.1369	0.7701974
31.060	-10.1340	0.7744931
31.080	-10.1368	0.7787722
31.100	-10.1340	0.7830353
31.120	-10.1368	0.7872818
31.140	-10.1340	0.7915123
31.160	-10.1368	0.7957261
31.180	-10.1340	0.799924
31.200	-10.1368	0.8041053
31.220	-10.1340	0.8082705
31.240	-10.1368	0.8124192
31.260	-10.1340	0.8165519
31.280	-10.1367	0.8206679
31.300	-10.1340	0.824768
31.320	-10.1367	0.8288515
31.340	-10.1340	0.8329189
31.360	-10.1367	0.8369699
31.380	-10.1340	0.8410047
31.400	-10.1367	0.845023
31.420	-10.1340	0.8490254
31.440	-10.1367	0.8530111
31.460	-10.1340	0.8569807
31.480	-10.1366	0.8609339
31.500	-10.1340	0.8648711
31.520	-10.1366	0.8687917
31.540	-10.1340	0.8726962
31.560	-10.1366	0.8765842
31.580	-10.1340	0.8804563
31.600	-10.1366	0.8843117
31.620	-10.1340	0.8881512
31.640	-10.1366	0.8919741
31.660	-10.1340	0.895781
31.680	-10.1365	0.8995714
31.700	-10.1340	0.9033457
31.720	-10.1365	0.9071035
31.740	-10.1341	0.9108453
31.760	-10.1365	0.9145705
31.780	-10.1341	0.9182798
31.800	-10.1365	0.9219726
31.820	-10.1341	0.9256493
31.840	-10.1365	0.9293094
31.860	-10.1341	0.9329537
31.880	-10.1365	0.9365814
31.900	-10.1341	0.9401931
31.920	-10.1364	0.9437882
31.940	-10.1341	0.9473673
31.960	-10.1364	0.9509299
31.980	-10.1341	0.9544765
32.000	-10.1364	0.9580066
32.020	-10.1341	0.9615207
32.040	-10.1364	0.9650183
32.060	-10.1341	0.9685
32.080	-10.1364	0.971965
32.100	-10.1341	0.9754141
32.120	-10.1363	0.9788467
32.140	-10.1341	0.9822633
32.160	-10.1363	0.9856634
32.180	-10.1341	0.9890475
32.200	-10.1363	0.9924151
32.220	-10.1341	0.9957667
32.240	-10.1363	0.9991018
32.260	-10.1341	1.002421
32.280	-10.1363	1.005724
32.300	-10.1341	1.00901
32.320	-10.1363	1.01228
32.340	-10.1341	1.015535
32.360	-10.1362	1.018772
32.380	-10.1341	1.021994
32.400	-10.1362	1.025199
32.420	-10.1341	1.028388
32.440	-10.1362	1.031561
32.460	-10.1341	1.034718
32.480	-10.1362	1.037858
32.500	-10.1341	1.040982
32.520	-10.1362	1.04409
32.540	-10.1341	1.047182
32.560	-10.1361	1.050257
32.580	-10.1341	1.053317
32.600	-10.1361	1.05636
32.620	-10.1341	1.059387
32.640	-10.1361	1.062397
32.660	-10.1341	1.065392
32.680	-10.1361	1.06837
32.700	-10.1341	1.071332
32.720	-10.1361	1.074278
32.740	-10.1341	1.077207
32.760	-10.1361	1.08012
32.780	-10.1342	1.083018
32.800	-10.1360	1.085898
32.820	-10.1342	1.088763
32.840	-10.1360	1.091611
32.860	-10.1342	1.094444
32.880	-10.1360	1.09726
32.900	-10.1342	1.10006
32.920	-10.1360	1.102843
32.940	-10.1342	1.105611
32.960	-10.1360	1.108362
32.980	-10.1342	1.111097
33.000	-10.1360	1.113816
33.020	-10.1342	1.116518
33.040	-10.1359	1.119205
33.060	-10.1342	1.121875
33.080	-10.1359	1.124529
33.100	-10.1342	1.127167
33.120	-10.1359	1.129789
33.140	-10.1342	1.132394
33.160	-10.1359	1.134983
33.180	-10.1342	1.137556
33.200	-10.1359	1.140113
33.220	-10.1342	1.142654
33.240	-10.1359	1.145178
33.260	-10.1342	1.147687
33.280	-10.1358	1.150179
33.300	-10.1342	1.152655
33.320	-10.1358	1.155115
33.340	-10.1342	1.157558
33.360	-10.1358	1.159986
33.380	-10.1342	1.162397
33.400	-10.1358	1.164792
33.420	-10.1342	1.167171
33.440	-10.1358	1.169533
33.460	-10.1342	1.17188
33.480	-10.1358	1.17421
33.500	-10.1342	1.176525
33.520	-10.1358	1.178823
33.540	-10.1343	1.181105
33.560	-10.1357	1.18337
33.580	-10.1343	1.18562
33.600	-10.1357	1.187853
33.620	-10.1343	1.19007
33.640	-10.1357	1.192271
33.660	-10.1343	1.194456
33.680	-10.1357	1.196625
33.700	-10.1343	1.198777
33.720	-10.1357	1.200913
33.740	-10.1343	1.203034
33.760	-10.1357	1.205138
33.780	-10.1343	1.207226
33.800	-10.1356	1.209297
33.820	-10.1343	1.211353
33.840	-10.1356	1.213392
33.860	-10.1343	1.215416
33.880	-10.1356	1.217423
33.900	-10.1343	1.219414
33.920	-10.1356	1.221389
33.940	-10.1343	1.223347
33.960	-10.1356	1.22529
33.980	-10.1343	1.227216
34.000	-10.1356	1.229126
34.020	-10.1343	1.231021
34.040	-10.1356	1.232898
34.060	-10.1343	1.23476
34.080	-10.1355	1.236606
34.100	-10.1343	1.238436
34.120	-10.1355	1.240249
34.140	-10.1343	1.242046
34.160	-10.1355	1.243827
34.180	-10.1344	1.245592
34.200	-10.1355	1.247341
34.220	-10.1344	1.249074
34.240	-10.1355	1.25079
34.260	-10.1344	1.252491
34.280	-10.1355	1.254175
34.300	-10.1344	1.255844
34.320	-10.1355	1.257496
34.340	-10.1344	1.259132
34.360	-10.1354	1.260751
34.380	-10.1344	1.262355
34.400	-10.1354	1.263943
34.420	-10.1344	1.265514
34.440	-10.1354	1.26707
34.460	-10.1344	1.268609
34.480	-10.1354	1.270132
34.500	-10.1344	1.271639
34.520	-10.1354	1.27313
34.540	-10.1344	1.274605
34.560	-10.1354	1.276063
34.580	-10.1344	1.277506
34.600	-10.1354	1.278932
34.620	-10.1344	1.280343
34.640	-10.1353	1.281737
34.660	-10.1344	1.283115
34.680	-10.1353	1.284477
34.700	-10.1344	1.285823
34.720	-10.1353	1.287153
34.740	-10.1345	1.288466
34.760	-10.1353	1.289764
34.780	-10.1345	1.291046
34.800	-10.1353	1.292311
34.820	-10.1345	1.29356
34.840	-10.1353	1.294793
34.860	-10.1345	1.296011
34.880	-10.1353	1.297212
34.900	-10.1345	1.298396
34.920	-10.1353	1.299565
34.940	-10.1345	1.300718
34.960	-10.1352	1.301855
34.980	-10.1345	1.302975
35.000	-10.1352	1.30408
35.020	-10.1345	1.305168
35.040	-10.1352	1.30624
35.060	-10.1345	1.307297
35.080	-10.1352	1.308337
35.100	-10.1345	1.309361
35.120	-10.1352	1.310369
35.140	-10.1345	1.311361
35.160	-10.1352	1.312336
35.180	-10.1345	1.313296
35.200	-10.1352	1.31424
35.220	-10.1346	1.315167
35.240	-10.1352	1.316079
35.260	-10.1346	1.316974
35.280	-10.1351	1.317854
35.300	-10.1346	1.318717
35.320	-10.1351	1.319564
35.340	-10.1346	1.320395
35.360	-10.1351	1.32121
35.380	-10.1346	1.322009
35.400	-10.1351	1.322792
35.420	-10.1346	1.323559
35.440	-10.1351	1.32431
35.460	-10.1346	1.325045
35.480	-10.1351	1.325763
35.500	-10.1346	1.326466
35.520	-10.1351	1.327152
35.540	-10.1346	1.327823
35.560	-10.1351	1.328477
35.580	-10.1346	1.329116
35.600	-10.1350	1.329738
35.620	-10.1346	1.330344
35.640	-10.1350	1.330935
35.660	-10.1347	1.331509
35.680	-10.1350	1.332067
35.700	-10.1347	1.332609
35.720	-10.1350	1.333135
35.740	-10.1347	1.333645
35.760	-10.1350	1.334139
35.780	-10.1347	1.334617
35.800	-10.1350	1.335079
35.820	-10.1347	1.335525
35.840	-10.1350	1.335954
35.860	-10.1347	1.336368
35.880	-10.1350	1.336766
35.900	-10.1347	1.337147
35.920	-10.1349	1.337513
35.940	-10.1347	1.337862
35.960	-10.1349	1.338196
35.980	-10.1347	1.338514
36.000	-10.1349	1.338815
36.020	-10.1347	1.3391
36.040	-10.1349	1.33937
36.060	-10.1347	1.339623
36.080	-10.1349	1.33986
36.100	-10.1348	1.340082
36.120	-10.1349	1.340287
36.140	-10.1348	1.340476
36.160	-10.1349	1.34065
36.180	-10.1348	1.340807
36.200	-10.1349	1.340948
36.220	-10.1348	1.341073
36.240	-10.1349	1.341182
36.260	-10.1348	1.341276
36.280	-10.1348	1.341353
36.300	-10.1348	1.341414
36.320	-10.1348	1.341459
36.340	-10.1348	1.341488
36.360	-10.1348	1.341501
36.380	-10.1348	1.341498
36.400	-10.1348	1.341479
36.420	-10.1348	1.341444
36.440	-10.1348	1.341393
36.460	-10.1348	1.341326
36.480	-10.1348	1.341243
36.500	-10.1349	1.341144
36.520	-10.1348	1.341029
36.540	-10.1349	1.340898
36.560	-10.1348	1.340751
36.580	-10.1349	1.340588
36.600	-10.1348	1.340409
36.620	-10.1349	1.340214
36.640	-10.1348	1.340003
36.660	-10.1349	1.339776
36.680	-10.1347	1.339533
36.700	-10.1349	1.339274
36.720	-10.1347	1.338999
36.740	-10.1349	1.338708
36.760	-10.1347	1.338401
36.780	-10.1349	1.338078
36.800	-10.1347	1.337739
36.820	-10.1349	1.337385
36.840	-10.1347	1.337014
36.860	-10.1350	1.336627
36.880	-10.1347	1.336224
36.900	-10.1350	1.335805
36.920	-10.1347	1.33537
36.940	-10.1350	1.334919
36.960	-10.1347	1.334453
36.980	-10.1350	1.33397
37.000	-10.1347	1.333471
37.020	-10.1350	1.332956
37.040	-10.1347	1.332426
37.060	-10.1350	1.331879
37.080	-10.1346	1.331316
37.100	-10.1350	1.330738
37.120	-10.1346	1.330143
37.140	-10.1350	1.329533
37.160	-10.1346	1.328906
37.180	-10.1350	1.328263
37.200	-10.1346	1.327605
37.220	-10.1351	1.326931
37.240	-10.1485	1.313341
37.260	-10.1491	1.291757
37.280	-10.1489	1.270032
37.300	-10.1493	1.248237
37.320	-10.1511	1.225684
37.340	-10.1516	1.202336
37.360	-10.1512	1.178937
37.380	-10.1516	1.155532
37.400	-10.1513	1.132114
37.420	-10.1517	1.108685
37.440	-10.1513	1.085243
37.460	-10.1517	1.061788
37.480	-10.1513	1.038321
37.500	-10.1518	1.014842
37.520	-10.1514	0.9913505
37.540	-10.1518	0.9678468
37.560	-10.1514	0.9443306
37.580	-10.1518	0.9208021
37.600	-10.1515	0.8972613
37.620	-10.1519	0.8737082
37.640	-10.1515	0.8501428
37.660	-10.1519	0.8265651
37.680	-10.1515	0.8029751
37.700	-10.1519	0.7793728
37.720	-10.1516	0.7557582
37.740	-10.1520	0.7321313
37.760	-10.1516	0.708492
37.780	-10.1520	0.6848406
37.800	-10.1516	0.6611768
37.820	-10.1521	0.6375008
37.840	-10.1517	0.6138124
37.860	-10.1521	0.5901119
37.880	-10.1517	0.566399
37.900	-10.1521	0.542674
37.920	-10.1517	0.5189366
37.940	-10.1522	0.495187
37.960	-10.1518	0.4714251
37.980	-10.1522	0.447651
38.000	-10.1518	0.4238647
38.020	-10.1522	0.4000661
38.040	-10.1519	0.3762552
38.060	-10.1535	0.3520538
38.080	-10.1534	0.3273419
38.100	-10.1535	0.3026181
38.120	-10.1535	0.2778823
38.140	-10.1535	0.2531347
38.160	-10.1535	0.2283751
38.180	-10.1536	0.2036035
38.200	-10.1535	0.1788201
38.220	-10.1543	0.1537904
38.240	-10.1543	0.1285355
38.260	-10.1545	0.1032335
38.280	-10.1548	7.78E-02
38.300	-10.1548	5.22E-02
38.320	-10.1549	2.66E-02
38.340	-10.1549	9.88E-04
38.360	117.9902	0
38.380	118.0188	0
38.400	116.5138	0
38.420	117.2449	0
38.440	115.6827	0
38.460	119.3651	0
38.480	118.8854	0
38.500	119.3431	0
38.520	118.7914	0
38.540	117.3065	0
38.560	145.4466	0
38.580	121.7228	0
38.600	120.3869	0
38.620	121.8069	0
38.640	120.6496	0
38.660	123.7737	0
38.680	161.5683	0
38.700	124.4802	0
38.720	120.3664	0
38.740	121.1572	0
38.760	116.2170	0
38.780	120.9912	0
38.800	123.8209	0
38.820	146.0518	0
38.840	124.7765	0
38.860	132.3866	0
38.880	161.5594	0
38.900	146.7518	0
38.920	142.9465	0
38.940	174.5431	0
38.960	147.8133	0
38.980	150.1510	0
39.000	125.4145	0
39.020	144.9100	0
39.040	146.0644	0
39.060	149.1392	0
39.080	127.9930	0
39.100	145.4619	0
39.120	146.0829	0
39.140	145.8690	0
39.160	147.0231	0
39.180	147.8976	0
39.200	117.5592	0
39.220	118.4871	0
39.240	117.3520	0
39.260	118.4608	0
39.280	117.5503	0
39.300	118.4453	0
39.320	117.5303	0
39.340	117.6909	0
39.360	186.2239	0
39.380	236.6329	0
39.400	145.8787	0
39.420	148.0120	0
39.440	147.2869	0
39.460	148.7088	0
39.480	147.5697	0
39.500	153.0141	0
39.520	150.1278	0
39.540	153.0917	0
39.560	152.5965	0
39.580	153.3719	0
39.600	153.4867	0
39.620	154.3121	0
39.640	153.3901	0
39.660	154.1141	0
39.680	153.9755	0
39.700	155.3981	0
39.720	154.1166	0
39.740	156.0011	0
39.760	155.1028	0
39.780	158.2034	0
39.800	156.9885	0
39.820	157.9166	0
39.840	155.4839	0
39.860	156.8963	0
39.880	157.7336	0
39.900	158.9783	0
39.920	157.8591	0
39.940	159.4142	0
39.960	158.2283	0
39.980	159.8391	0
40.000	158.6222	0
40.020	159.9941	0
40.040	156.7343	0
40.060	158.4400	0
40.080	157.2515	0
40.100	158.6424	0
40.120	159.4281	0
40.140	160.5240	0
40.160	159.9342	0
40.180	161.1571	0
40.200	160.4711	0
40.220	161.4396	0
40.240	160.7414	0
40.260	162.0219	0
40.280	162.3625	0
40.300	163.0173	0
40.320	162.5805	0
40.340	163.4737	0
40.360	-10.1416	7.71E-03
40.380	-10.1416	2.31E-02
40.400	-10.1413	3.84E-02
40.420	-10.1414	5.36E-02
40.440	-10.1411	6.87E-02
40.460	-10.1414	8.38E-02
40.480	-10.1411	9.88E-02
40.500	-10.1413	0.1138945
40.520	-10.1410	0.1289302
40.540	-10.1413	0.1439484
40.560	-10.1410	0.1589491
40.580	-10.1413	0.1739322
40.600	-10.1410	0.1888979
40.620	-10.1412	0.203846
40.640	-10.1409	0.2187766
40.660	-10.1412	0.2336898
40.680	-10.1409	0.2485854
40.700	-10.1412	0.2634635
40.720	-10.1409	0.2783242
40.740	-10.1411	0.2931674
40.760	-10.1408	0.3079931
40.780	-10.1411	0.3228013
40.800	-10.1408	0.337592
40.820	-10.1411	0.3523653
40.840	-10.1408	0.3671211
40.860	-10.1410	0.3818594
40.880	-10.1407	0.3965803
40.900	-10.1410	0.4112836
40.920	-10.1407	0.4259696
40.940	-10.1410	0.4406381
40.960	-10.1407	0.4552892
40.980	-10.1409	0.4699228
41.000	-10.1406	0.484539
41.020	-10.1409	0.4991377
41.040	-10.1406	0.513719
41.060	-10.1409	0.5282828
41.080	-10.1406	0.5428293
41.100	-10.1408	0.5573583
41.120	-10.1406	0.5718699
41.140	-10.1408	0.5863641
41.160	-10.1405	0.6008409
41.180	-10.1408	0.6153002
41.200	-10.1405	0.6297421
41.220	-10.1407	0.6441666
41.240	-10.1405	0.6585738
41.260	-10.1407	0.6729636
41.280	-10.1404	0.6873359
41.300	-10.1407	0.7016909
41.320	-10.1404	0.7160285
41.340	-10.1406	0.7303486
41.360	-10.1404	0.7446515
41.380	-10.1406	0.7589369
41.400	-10.1403	0.7732049
41.420	-10.1406	0.7874556
41.440	-10.1403	0.801689
41.460	-10.1405	0.8159049
41.480	-10.1403	0.8301035
41.500	-10.1405	0.8442847
41.520	-10.1402	0.8584486
41.540	-10.1405	0.8725951
41.560	-10.1402	0.8867244
41.580	-10.1405	0.9008362
41.600	-10.1402	0.9149306
41.620	-10.1404	0.9290079
41.640	-10.1401	0.9430677
41.660	-10.1404	0.9571102
41.680	-10.1401	0.9711353
41.700	-10.1404	0.9851431
41.720	-10.1401	0.9991337
41.740	-10.1403	1.013107
41.760	-10.1401	1.027063
41.780	-10.1403	1.041001
41.800	-10.1400	1.054923
41.820	-10.1403	1.068826
41.840	-10.1400	1.082713
41.860	-10.1402	1.096583
41.880	-10.1400	1.110435
41.900	-10.1402	1.124269
41.920	-10.1399	1.138087
41.940	-10.1402	1.151887
41.960	-10.1399	1.16567
41.980	-10.1401	1.179436
42.000	-10.1399	1.193184
42.020	-10.1401	1.206915
42.040	-10.1398	1.220629
42.060	-10.1401	1.234325
42.080	-10.1398	1.248005
42.100	-10.1400	1.261667
42.120	-10.1398	1.275311
42.140	-10.1400	1.288939
42.160	-10.1398	1.302549
42.180	-10.1400	1.316142
42.200	-10.1397	1.329718
42.220	-10.1400	1.343277
42.240	-10.1397	1.356818
42.260	-10.1399	1.370342
42.280	-10.1397	1.383849
42.300	-10.1399	1.397338
42.320	-10.1396	1.41081
42.340	-10.1399	1.424266
42.360	-10.1396	1.437704
42.380	-10.1398	1.451124
42.400	-10.1396	1.464528
42.420	-10.1398	1.477914
42.440	-10.1396	1.491283
42.460	-10.1398	1.504635
42.480	-10.1395	1.51797
42.500	-10.1397	1.531287
42.520	-10.1395	1.544587
42.540	-10.1397	1.55787
42.560	-10.1395	1.571136
42.580	-10.1397	1.584385
42.600	-10.1394	1.597616
42.620	-10.1397	1.610831
42.640	-10.1394	1.624028
42.660	-10.1396	1.637208
42.680	-10.1394	1.650371
42.700	-10.1396	1.663516
42.720	-10.1394	1.676645
42.740	-10.1396	1.689756
42.760	-10.1393	1.70285
42.780	-10.1395	1.715927
42.800	-10.1393	1.728987
42.820	-10.1395	1.74203
42.840	-10.1393	1.755055
42.860	-10.1395	1.768064
42.880	-10.1392	1.781055
42.900	-10.1395	1.794029
42.920	-10.1392	1.806986
42.940	-10.1394	1.819926
42.960	-10.1392	1.832848
42.980	-10.1394	1.845754
43.000	-10.1392	1.858642
43.020	-10.1394	1.871514
43.040	-10.1391	1.884368
43.060	-10.1393	1.897205
43.080	-10.1391	1.910025
43.100	-10.1393	1.922828
43.120	-10.1391	1.935614
43.140	-10.1393	1.948382
43.160	-10.1390	1.961134
43.180	-10.1393	1.973868
43.200	-10.1390	1.986586
43.220	-10.1392	1.999286
43.240	-10.1390	2.011969
43.260	-10.1392	2.024635
43.280	-10.1390	2.037284
43.300	-10.1392	2.049917
43.320	-10.1389	2.062531
43.340	-10.1391	2.075129
43.360	-10.1389	2.08771
43.380	-10.1391	2.100273
43.400	-10.1389	2.11282
43.420	-10.1391	2.12535
43.440	-10.1389	2.137862
43.460	-10.1391	2.150357
43.480	-10.1388	2.162836
43.500	-10.1390	2.175297
43.520	-10.1388	2.187741
43.540	-10.1390	2.200168
43.560	-10.1388	2.212579
43.580	-10.1390	2.224972
43.600	-10.1387	2.237348
43.620	-10.1390	2.249707
43.640	-10.1387	2.262049
43.660	-10.1389	2.274374
43.680	-10.1387	2.286682
43.700	-10.1389	2.298973
43.720	-10.1387	2.311247
43.740	-10.1389	2.323504
43.760	-10.1386	2.335743
43.780	-10.1388	2.347966
43.800	-10.1386	2.360172
43.820	-10.1388	2.372361
43.840	-10.1386	2.384533
43.860	-10.1388	2.396688
43.880	-10.1386	2.408826
43.900	-10.1388	2.420947
43.920	-10.1385	2.43305
43.940	-10.1387	2.445137
43.960	-10.1385	2.457207
43.980	-10.1387	2.46926
44.000	-10.1385	2.481296
44.020	-10.1387	2.493315
44.040	-10.1385	2.505317
44.060	-10.1387	2.517302
44.080	-10.1384	2.52927
44.100	-10.1386	2.541221
44.120	-10.1384	2.553155
44.140	-10.1386	2.565072
44.160	-10.1384	2.576972
44.180	-10.1386	2.588855
44.200	-10.1384	2.600722
44.220	-10.1386	2.612571
44.240	-10.1383	2.624403
44.260	-10.1385	2.636219
44.280	-10.1383	2.648017
44.300	-10.1385	2.659799
44.320	-10.1383	2.671563
44.340	-10.1385	2.683311
44.360	-10.1383	2.695041
44.380	-10.1385	2.706755
44.400	-10.1382	2.718452
44.420	-10.1384	2.730132
44.440	-10.1382	2.741795
44.460	-10.1384	2.753441
44.480	-10.1382	2.76507
44.500	-10.1384	2.776682
44.520	-10.1382	2.788278
44.540	-10.1384	2.799856
44.560	-10.1381	2.811418
44.580	-10.1383	2.822962
44.600	-10.1381	2.83449
44.620	-10.1383	2.846001
44.640	-10.1381	2.857495
44.660	-10.1383	2.868972
44.680	-10.1381	2.880432
44.700	-10.1383	2.891875
44.720	-10.1380	2.903301
44.740	-10.1382	2.914711
44.760	-10.1380	2.926103
44.780	-10.1382	2.937479
44.800	-10.1380	2.948838
44.820	-10.1382	2.96018
44.840	-10.1380	2.971505
44.860	-10.1382	2.982813
44.880	-10.1379	2.994104
44.900	-10.1381	3.005379
44.920	-10.1379	3.016637
44.940	-10.1381	3.027877
44.960	-10.1379	3.039101
44.980	-10.1381	3.050308
45.000	-10.1379	3.061498
45.020	-10.1353	3.063799
45.040	-10.1351	3.057611
45.060	-10.1353	3.051407
45.080	-10.1351	3.045187
45.100	-10.1353	3.038952
45.120	-10.1351	3.032701
45.140	-10.1353	3.026434
45.160	-10.1351	3.020151
45.180	-10.1354	3.013853
45.200	-10.1352	3.007539
45.220	-10.1354	3.001209
45.240	-10.1352	2.994863
45.260	-10.1354	2.988502
45.280	-10.1352	2.982124
45.300	-10.1354	2.975732
45.320	-10.1352	2.969323
45.340	-10.1354	2.962898
45.360	-10.1352	2.956459
45.380	-10.1354	2.950003
45.400	-10.1352	2.943531
45.420	-10.1354	2.937044
45.440	-10.1352	2.930541
45.460	-10.1355	2.924022
45.480	-10.1352	2.917488
45.500	-10.1355	2.910938
45.520	-10.1353	2.904372
45.540	-10.1355	2.89779
45.560	-10.1353	2.891193
45.580	-10.1355	2.88458
45.600	-10.1353	2.877951
45.620	-10.1355	2.871307
45.640	-10.1353	2.864647
45.660	-10.1355	2.857971
45.680	-10.1353	2.851279
45.700	-10.1355	2.844572
45.720	-10.1353	2.837849
45.740	-10.1355	2.83111
45.760	-10.1353	2.824355
45.780	-10.1356	2.817585
45.800	-10.1353	2.8108
45.820	-10.1356	2.803998
45.840	-10.1354	2.797181
45.860	-10.1356	2.790348
45.880	-10.1354	2.783499
45.900	-10.1356	2.776635
45.920	-10.1354	2.769755
45.940	-10.1356	2.762859
45.960	-10.1354	2.755948
45.980	-10.1356	2.749021
46.000	-10.1354	2.742078
46.020	-10.1356	2.735119
46.040	-10.1354	2.728145
46.060	-10.1357	2.721155
46.080	-10.1354	2.71415
46.100	-10.1357	2.707129
46.120	-10.1355	2.700092
46.140	-10.1357	2.693039
46.160	-10.1355	2.685971
46.180	-10.1357	2.678887
46.200	-10.1355	2.671788
46.220	-10.1357	2.664672
46.240	-10.1355	2.657542
46.260	-10.1357	2.650395
46.280	-10.1355	2.643233
46.300	-10.1357	2.636055
46.320	-10.1355	2.628861
46.340	-10.1358	2.621652
46.360	-10.1355	2.614427
46.380	-10.1358	2.607186
46.400	-10.1355	2.59993
46.420	-10.1358	2.592658
46.440	-10.1356	2.585371
46.460	-10.1358	2.578068
46.480	-10.1356	2.570749
46.500	-10.1358	2.563414
46.520	-10.1356	2.556064
46.540	-10.1358	2.548698
46.560	-10.1356	2.541317
46.580	-10.1359	2.53392
46.600	-10.1356	2.526507
46.620	-10.1359	2.519079
46.640	-10.1356	2.511635
46.660	-10.1359	2.504175
46.680	-10.1356	2.4967
46.700	-10.1359	2.489209
46.720	-10.1357	2.481702
46.740	-10.1359	2.47418
46.760	-10.1357	2.466642
46.780	-10.1359	2.459089
46.800	-10.1357	2.45152
46.820	-10.1359	2.443935
46.840	-10.1357	2.436335
46.860	-10.1360	2.428719
46.880	-10.1357	2.421087
46.900	-10.1360	2.41344
46.920	-10.1357	2.405777
46.940	-10.1360	2.398099
46.960	-10.1357	2.390405
46.980	-10.1360	2.382695
47.000	-10.1358	2.37497
47.020	-10.1360	2.367229
47.040	-10.1358	2.359473
47.060	-10.1360	2.351701
47.080	-10.1358	2.343913
47.100	-10.1361	2.33611
47.120	-10.1358	2.328291
47.140	-10.1361	2.320457
47.160	-10.1358	2.312606
47.180	-10.1361	2.304741
47.200	-10.1358	2.296859
47.220	-10.1361	2.288962
47.240	-10.1359	2.28105
47.260	-10.1361	2.273122
47.280	-10.1359	2.265178
47.300	-10.1361	2.257219
47.320	-10.1359	2.249244
47.340	-10.1362	2.241254
47.360	-10.1359	2.233248
47.380	-10.1362	2.225226
47.400	-10.1359	2.217189
47.420	-10.1362	2.209136
47.440	-10.1359	2.201068
47.460	-10.1362	2.192984
47.480	-10.1359	2.184885
47.500	-10.1362	2.17677
47.520	-10.1360	2.168639
47.540	-10.1362	2.160493
47.560	-10.1360	2.152332
47.580	-10.1363	2.144154
47.600	-10.1360	2.135961
47.620	-10.1363	2.127753
47.640	-10.1360	2.119529
47.660	-10.1363	2.11129
47.680	-10.1360	2.103035
47.700	-10.1363	2.094764
47.720	-10.1360	2.086478
47.740	-10.1363	2.078176
47.760	-10.1361	2.069859
47.780	-10.1363	2.061526
47.800	-10.1361	2.053178
47.820	-10.1364	2.044814
47.840	-10.1361	2.036434
47.860	-10.1364	2.028039
47.880	-10.1361	2.019629
47.900	-10.1364	2.011203
47.920	-10.1361	2.002761
47.940	-10.1364	1.994304
47.960	-10.1361	1.985832
47.980	-10.1364	1.977343
48.000	-10.1362	1.96884
48.020	-10.1364	1.960321
48.040	-10.1362	1.951786
48.060	-10.1365	1.943236
48.080	-10.1362	1.93467
48.100	-10.1365	1.926089
48.120	-10.1362	1.917492
48.140	-10.1365	1.908879
48.160	-10.1362	1.900252
48.180	-10.1365	1.891608
48.200	-10.1362	1.882949
48.220	-10.1365	1.874275
48.240	-10.1363	1.865585
48.260	-10.1365	1.85688
48.280	-10.1363	1.848159
48.300	-10.1366	1.839422
48.320	-10.1363	1.830671
48.340	-10.1366	1.821903
48.360	-10.1363	1.81312
48.380	-10.1366	1.804322
48.400	-10.1363	1.795508
48.420	-10.1366	1.786679
48.440	-10.1363	1.777834
48.460	-10.1427	1.765244
48.480	-10.1430	1.748531
48.500	-10.1428	1.731805
48.520	-10.1431	1.715064
48.540	-10.1428	1.69831
48.560	-10.1431	1.681541
48.580	-10.1428	1.664758
48.600	-10.1431	1.647961
48.620	-10.1429	1.631149
48.640	-10.1431	1.614324
48.660	-10.1429	1.597485
48.680	-10.1432	1.580631
48.700	-10.1429	1.563763
48.720	-10.1432	1.546882
48.740	-10.1430	1.529986
48.760	-10.1432	1.513076
48.780	-10.1430	1.496152
48.800	-10.1433	1.479213
48.820	-10.1430	1.462261
48.840	-10.1433	1.445295
48.860	-10.1430	1.428314
48.880	-10.1433	1.411319
48.900	-10.1431	1.394311
48.920	-10.1434	1.377288
48.940	-10.1459	1.359053
48.960	-10.1466	1.339452
48.980	-10.1459	1.319837
49.000	-10.1466	1.300208
49.020	-10.1459	1.280567
49.040	-10.1466	1.260911
49.060	-10.1460	1.241243
49.080	-10.1467	1.221561
49.100	-10.1460	1.201865
49.120	-10.1467	1.182156
49.140	-10.1460	1.162434
49.160	-10.1467	1.142698
49.180	-10.1461	1.122949
49.200	-10.1468	1.103186
49.220	-10.1461	1.08341
49.240	-10.1468	1.063621
49.260	-10.1461	1.043818
49.280	-10.1469	1.024002
49.300	-10.1462	1.004173
49.320	-10.1469	0.9843295
49.340	-10.1462	0.9644732
49.360	-10.1469	0.9446036
49.380	-10.1462	0.9247204
49.400	-10.1516	0.9031403
49.420	-10.1486	0.8806547
49.440	-10.1517	0.8581568
49.460	-10.1486	0.8356459
49.480	-10.1517	0.8131227
49.500	-10.1487	0.7905866
49.520	-10.1518	0.7680381
49.540	-10.1487	0.7454768
49.560	-10.1518	0.7229031
49.580	-10.1488	0.7003166
49.600	-10.1518	0.6777177
49.620	-10.1488	0.655106
49.640	-10.1519	0.6324819
49.660	-10.1488	0.609845
49.680	-10.1519	0.5871958
49.700	-10.1489	0.5645337
49.720	-10.1519	0.5418593
49.740	-10.1489	0.519172
49.760	-10.1520	0.4964725
49.780	-10.1489	0.4737601
49.800	-10.1520	0.4510355
49.820	-10.1490	0.428298
49.840	-10.1521	0.4055482
49.860	-10.1490	0.3827856
49.880	-10.1521	0.3600107
49.900	-10.1490	0.337223
49.920	-10.1521	0.3144231
49.940	-10.1491	0.2916103
49.960	-10.1522	0.2687853
49.980	-10.1491	0.2459474
50.000	-10.1522	0.2230974
